TCGA-06-0142 2.2 1.0 1
TCGA-19-1790 5.06 1.0 1
TCGA-06-0129 33.64 1.0 2
TCGA-14-1829 7.16 0.0 1
TCGA-06-0126 6.93 1.0 1
TCGA-19-5952 18.89 1.0 2
TCGA-06-6699 1.54 0.0 2
TCGA-76-6660 3.75 1.0 2
TCGA-06-0238 13.3 1.0 2
TCGA-28-5207 11.27 1.0 1
TCGA-06-0119 2.69 1.0 1
TCGA-28-5215 11.01 1.0 2
TCGA-32-1991 16.92 1.0 1
TCGA-12-0615 15.34 1.0 2
TCGA-76-6656 4.83 1.0 1
TCGA-27-2528 15.77 1.0 1
TCGA-14-1450 58.74 0.0 2
TCGA-15-1444 50.49 1.0 2
TCGA-12-3649 15.21 1.0 2
TCGA-14-0790 13.76 1.0 1
TCGA-06-6701 4.96 0.0 2
TCGA-06-5859 4.57 0.0 2
TCGA-06-5417 5.09 0.0 2
TCGA-32-2491 12.22 1.0 1
TCGA-12-3652 34.89 1.0 1
TCGA-19-5953 4.73 1.0 1
TCGA-32-4210 3.71 1.0 2
TCGA-12-5301 2.04 1.0 2
TCGA-74-6577 4.34 0.0 2
TCGA-06-0188 44.55 1.0 2
TCGA-14-1395 1.38 1.0 1
TCGA-02-2483 15.31 0.0 2
TCGA-19-2624 0.16 1.0 1
TCGA-76-6192 3.29 1.0 2
TCGA-06-2565 16.62 1.0 1
TCGA-06-6698 4.76 0.0 2
TCGA-19-5947 6.64 1.0 2
TCGA-06-0155 10.45 1.0 1
TCGA-06-2570 31.47 0.0 2
TCGA-12-0616 14.72 1.0 1
TCGA-06-0649 2.1 1.0 1
TCGA-27-1836 30.03 1.0 2
TCGA-06-0139 11.89 1.0 2
TCGA-06-0240 20.4 1.0 2
TCGA-28-2509 4.76 0.0 2
TCGA-06-0877 1.0 1.0 2
TCGA-06-0882 20.76 1.0 2
TCGA-19-2629 24.21 1.0 2
TCGA-19-4068 4.5 0.0 2
TCGA-12-0821 10.61 1.0 2
TCGA-06-0169 3.29 1.0 2
TCGA-76-4934 2.53 1.0 1
TCGA-06-5415 8.54 0.0 2
TCGA-28-1747 2.53 1.0 1
TCGA-12-0692 3.65 1.0 2
TCGA-06-0168 19.65 1.0 2
TCGA-26-5139 1.58 0.0 1
TCGA-27-2521 16.75 1.0 2
TCGA-06-5414 8.97 0.0 2
TCGA-02-2470 12.91 1.0 2
TCGA-32-4209 20.3 1.0 2
TCGA-26-6174 2.33 0.0 2
TCGA-06-5408 11.73 1.0 2
TCGA-06-0157 3.19 1.0 1
TCGA-06-2569 0.43 0.0 2
TCGA-06-0122 6.14 1.0 2
TCGA-06-5413 8.8 0.0 1
TCGA-06-0124 20.37 1.0 2
TCGA-27-2523 16.06 1.0 2
TCGA-06-5856 3.75 1.0 1
TCGA-41-4097 0.2 1.0 2
TCGA-76-6280 11.37 1.0 2
TCGA-14-0786 23.03 1.0 1
TCGA-41-3915 11.83 1.0 2
TCGA-12-3650 10.94 1.0 1
TCGA-06-0650 23.55 1.0 1
TCGA-06-2562 12.55 1.0 2
TCGA-06-5410 3.55 1.0 2
TCGA-28-2513 7.29 0.0 2
TCGA-02-0055 2.5 1.0 2
TCGA-28-5219 22.67 0.0 2
TCGA-15-0742 13.76 1.0 2
TCGA-32-4213 19.84 0.0 2
TCGA-19-5955 1.77 1.0 2
TCGA-06-5858 6.14 0.0 2
TCGA-76-4926 4.53 1.0 1
TCGA-19-1390 25.36 1.0 2
TCGA-28-5209 14.52 0.0 2
TCGA-06-0158 10.81 1.0 1
TCGA-28-5213 31.24 0.0 1
TCGA-14-1825 7.62 1.0 2
TCGA-06-0137 26.68 1.0 1
TCGA-76-6191 16.69 1.0 1
TCGA-06-0130 12.94 1.0 2
TCGA-32-1982 4.66 1.0 1
TCGA-28-5208 17.87 1.0 2
TCGA-41-2571 0.85 1.0 2
TCGA-06-0213 0.53 1.0 2
TCGA-16-1045 29.01 1.0 1
TCGA-06-0745 7.85 1.0 2
TCGA-06-0151 46.55 1.0 2
TCGA-19-2631 7.0 1.0 2
TCGA-14-0862 2.89 1.0 2
TCGA-06-0876 46.16 0.0 1
TCGA-06-0216 24.15 1.0 2
TCGA-06-0875 43.43 0.0 2
TCGA-32-1986 12.68 1.0 2
TCGA-76-6663 18.63 1.0 2
TCGA-06-5412 4.53 1.0 2
TCGA-28-5216 13.63 0.0 2
TCGA-76-6657 5.03 1.0 2
TCGA-28-2514 5.26 0.0 2
TCGA-14-0781 0.95 1.0 2
TCGA-32-4211 12.58 1.0 2
TCGA-06-0167 11.4 1.0 2
TCGA-06-6693 120.47 1.0 2
TCGA-06-0141 10.28 1.0 2
TCGA-41-2572 13.34 1.0 2
TCGA-02-0033 2.83 1.0 2
TCGA-26-1439 13.86 1.0 1
TCGA-28-2510 1.0 1.0 2
TCGA-19-5958 14.06 1.0 2
TCGA-14-1823 17.84 1.0 1
TCGA-26-5133 14.85 0.0 2
TCGA-14-0871 28.91 1.0 2
TCGA-28-2502 0.66 0.0 2
TCGA-12-0619 34.89 1.0 1
TCGA-27-1834 40.51 1.0 2
TCGA-06-0152 12.32 1.0 2
TCGA-14-1043 0.79 1.0 2
TCGA-76-6193 2.69 1.0 2
TCGA-19-5954 12.09 1.0 2
TCGA-76-6662 34.43 1.0 2
TCGA-19-2620 4.86 1.0 1
TCGA-74-6575 20.89 0.0 1
TCGA-06-0140 0.2 1.0 2
TCGA-76-4928 3.09 1.0 2
TCGA-06-2559 4.93 1.0 2
TCGA-76-6283 5.42 1.0 2
TCGA-02-2486 20.3 1.0 2
TCGA-06-0881 16.56 1.0 1
TCGA-41-2575 9.53 1.0 2
TCGA-27-1833 24.21 1.0 2
TCGA-06-0939 26.74 1.0 2
TCGA-06-0185 73.78 0.0 1
TCGA-32-1979 19.48 1.0 1
TCGA-26-5134 5.49 0.0 2
TCGA-19-2623 7.52 0.0 2
TCGA-06-5418 2.73 1.0 2
TCGA-06-0214 15.01 1.0 2
TCGA-12-0688 26.64 1.0 2
TCGA-06-0744 46.85 1.0 2
TCGA-32-4719 10.84 1.0 2
TCGA-27-2519 18.07 1.0 2
TCGA-76-4932 47.9 1.0 2
TCGA-26-5135 8.87 1.0 2
TCGA-14-4157 3.42 0.0 2
TCGA-76-4931 9.17 1.0 1
TCGA-28-6450 5.42 1.0 2
TCGA-19-2619 9.66 0.0 1
TCGA-32-2632 8.84 1.0 1
TCGA-41-6646 12.45 1.0 2
TCGA-06-0154 13.93 1.0 1
TCGA-74-6584 7.49 0.0 2
TCGA-28-5214 23.42 1.0 2
TCGA-06-0178 88.07 1.0 2
TCGA-28-5211 11.76 0.0 2
TCGA-76-6282 17.05 1.0 1
TCGA-32-5222 19.22 1.0 2
TCGA-76-6661 23.88 1.0 1
TCGA-16-0861 3.09 1.0 2
TCGA-32-4208 21.12 0.0 2
TCGA-06-6694 7.36 1.0 2
TCGA-06-0195 7.39 1.0 2
TCGA-32-2615 15.93 1.0 2
TCGA-32-2634 22.77 0.0 2
TCGA-06-2561 17.64 1.0 1
TCGA-02-0003 4.73 1.0 1
TCGA-27-1837 14.03 1.0 2
TCGA-32-2494 20.76 1.0 2
TCGA-06-6391 1.48 1.0 2
TCGA-14-0789 11.24 1.0 1
TCGA-76-4935 36.83 1.0 2
TCGA-06-6695 8.31 0.0 1
TCGA-27-2526 2.86 1.0 2
TCGA-76-6286 20.96 1.0 2
TCGA-41-3393 4.43 1.0 2
TCGA-06-0644 12.61 1.0 2
TCGA-06-6390 5.39 1.0 2
TCGA-16-0846 3.91 1.0 2
TCGA-19-5950 17.18 1.0 2
TCGA-06-0192 38.93 1.0 2
TCGA-06-0173 4.47 1.0 2
TCGA-06-0686 14.19 1.0 2
TCGA-14-1456 40.93 0.0 1
TCGA-06-2557 1.08 1.0 1
TCGA-06-1804 13.6 1.0 1
TCGA-32-2495 15.01 1.0 2
TCGA-28-5218 5.16 1.0 2
TCGA-27-1831 16.59 1.0 1
TCGA-87-5896 26.28 0.0 2
TCGA-06-0646 5.75 1.0 1
TCGA-27-1838 11.5 1.0 1
TCGA-12-0618 12.98 1.0 2
TCGA-41-3392 0.99 1.0 2
TCGA-06-0174 3.22 1.0 1
TCGA-26-5132 9.4 0.0 2
TCGA-32-1980 1.18 1.0 2
TCGA-06-0219 0.72 1.0 2
TCGA-06-0128 22.7 1.0 2
TCGA-12-5299 3.22 1.0 2
TCGA-06-0166 5.85 1.0 2
TCGA-26-6173 7.92 0.0 2
TCGA-06-2558 12.48 1.0 2
TCGA-06-0879 40.37 1.0 1
TCGA-81-5911 17.71 0.0 1
TCGA-06-0209 7.62 1.0 2
TCGA-06-0132 25.33 1.0 2
TCGA-06-1806 15.31 1.0 2
TCGA-19-5959 16.79 1.0 2
TCGA-32-2638 25.16 1.0 2
TCGA-76-6285 8.34 1.0 2
TCGA-27-1832 9.86 1.0 2
TCGA-14-0817 5.39 1.0 2
TCGA-27-2527 14.39 1.0 2
TCGA-06-0189 15.41 1.0 2
TCGA-14-3476 0.39 1.0 2
TCGA-76-4927 17.58 1.0 1
TCGA-06-0241 48.65 1.0 2
TCGA-81-5910 1.61 1.0 1
TCGA-06-6389 7.79 0.0 2
TCGA-02-0047 14.72 1.0 2
TCGA-06-0145 2.33 1.0 2
TCGA-28-2501 1.0 0.0 2
TCGA-19-5960 14.95 1.0 2
TCGA-27-1835 21.29 1.0 2
TCGA-06-0743 26.38 1.0 2
TCGA-06-0645 5.75 1.0 2
TCGA-06-0749 2.69 1.0 1
TCGA-41-2573 8.94 0.0 2
TCGA-06-0747 2.69 1.0 1
TCGA-06-2563 30.62 0.0 1
TCGA-12-3653 14.52 1.0 2
TCGA-19-5951 8.02 1.0 2
TCGA-41-5651 15.11 1.0 2
TCGA-06-0237 13.63 1.0 1
TCGA-02-2485 15.44 0.0 1
TCGA-06-0184 69.84 1.0 2
TCGA-76-4929 3.65 1.0 2
TCGA-76-6664 36.17 0.0 2
TCGA-06-5411 8.34 1.0 2
TCGA-74-6578 14.32 0.0 2
TCGA-14-2554 17.48 1.0 1
TCGA-08-0386 18.0 1.0 2
TCGA-32-1970 15.37 1.0 1
TCGA-32-1977 0.1 0.0 2
TCGA-14-0813 1.35 1.0 1
TCGA-06-0750 0.92 1.0 1
TCGA-06-2564 5.95 0.0 2
TCGA-19-2625 4.07 1.0 1
TCGA-06-0878 7.16 0.0 1
TCGA-12-1597 22.17 1.0 2
TCGA-26-1442 31.31 0.0 2
TCGA-27-2518 24.74 1.0 2
TCGA-26-5136 18.96 1.0 2
TCGA-12-5295 14.91 1.0 2
TCGA-06-6700 4.76 0.0 1
TCGA-14-0787 2.23 1.0 2
TCGA-06-0648 9.79 1.0 2
TCGA-27-1830 5.06 1.0 2
TCGA-76-4925 4.8 1.0 2
TCGA-28-5204 14.91 1.0 2
TCGA-28-1753 1.22 0.0 2
TCGA-06-2567 4.37 1.0 1
TCGA-74-6573 3.45 1.0 2
TCGA-06-6697 12.84 0.0 2
TCGA-28-5220 12.75 1.0 2
TCGA-06-0165 10.64 1.0 2
TCGA-06-6388 5.22 1.0 2
TCGA-27-2524 7.59 1.0 2
TCGA-14-0740 11.96 1.0 2
