TCGA-KL-8338 86.5 0.0 2
TCGA-KM-8476 123.03 0.0 2
TCGA-KO-8416 90.41 0.0 1
TCGA-KL-8327 136.96 0.0 2
TCGA-KO-8406 103.32 0.0 2
TCGA-KN-8430 1.0 1.0 1
TCGA-KL-8345 54.7 0.0 2
TCGA-KL-8324 153.61 0.0 2
TCGA-KO-8417 92.48 0.0 2
TCGA-KN-8428 52.23 1.0 1
TCGA-KN-8418 129.27 0.0 2
TCGA-KL-8325 23.82 1.0 1
TCGA-KO-8411 130.03 0.0 1
TCGA-KN-8427 0.99 0.0 1
TCGA-KM-8440 44.88 0.0 2
TCGA-KM-8443 49.93 0.0 2
TCGA-KO-8415 96.55 0.0 1
TCGA-KM-8438 151.84 0.0 1
TCGA-KN-8419 23.46 0.0 1
TCGA-KL-8339 28.09 1.0 2
TCGA-KM-8442 47.21 0.0 2
TCGA-KN-8435 114.91 0.0 1
TCGA-KL-8328 102.73 0.0 2
TCGA-KO-8407 92.64 0.0 2
TCGA-KO-8413 99.8 0.0 1
TCGA-KL-8335 92.48 0.0 2
TCGA-KL-8344 28.78 0.0 2
TCGA-KL-8340 66.49 0.0 2
TCGA-KL-8336 30.22 1.0 2
TCGA-KM-8477 51.02 0.0 2
TCGA-KN-8434 59.03 0.0 1
TCGA-KO-8408 16.66 1.0 2
TCGA-KL-8330 108.54 0.0 2
TCGA-KN-8425 104.43 0.0 2
TCGA-KN-8432 2.5 0.0 2
TCGA-KM-8441 28.78 0.0 2
TCGA-KN-8433 11.2 0.0 1
TCGA-KN-8426 3.55 0.0 2
TCGA-KM-8439 23.26 0.0 2
TCGA-KN-8424 65.14 0.0 2
TCGA-KN-8423 25.89 0.0 1
TCGA-KO-8414 105.52 0.0 2
TCGA-KN-8429 87.06 0.0 1
TCGA-KO-8405 100.39 0.0 2
TCGA-KO-8404 10.68 1.0 1
TCGA-KL-8333 98.26 0.0 2
TCGA-KN-8437 100.79 0.0 2
TCGA-KL-8346 62.32 0.0 2
TCGA-KN-8436 42.31 0.0 1
TCGA-KL-8341 24.77 1.0 1
TCGA-KN-8431 19.32 0.0 1
TCGA-KL-8337 44.81 0.0 1
TCGA-KN-8421 87.84 0.0 1
TCGA-KL-8331 98.88 0.0 2
TCGA-KL-8342 73.85 0.0 2
TCGA-KL-8334 96.88 0.0 1
TCGA-KM-8639 31.31 0.0 2
TCGA-KL-8329 90.41 0.0 2
TCGA-KO-8410 103.02 0.0 1
TCGA-KO-8409 104.47 0.0 1
TCGA-KL-8332 84.82 0.0 2
TCGA-KL-8326 109.13 0.0 2
TCGA-KN-8422 25.46 0.0 2
TCGA-KL-8343 71.35 1.0 2
TCGA-KO-8403 105.39 0.0 1
