Gene1  Gene2  oddsratio  pvalue     pearson    p_pval     HC
137075 326340 0.89160840 0.50000000 NA         NA         NA       
137075 6310   1.00000000 0.59616000 NA         NA         NA       
137075 94025  0.50904980 0.09557640 0.02536810 0.84483340 0.0009593
137075 144193 1.00000000 0.59616000 NA         NA         NA       
137075 285464 1.00000000 0.59616000 NA         NA         NA       
137075 7157   0.72485210 0.32236290 NA         NA         NA       
137075 114569 0.89160840 0.50000000 NA         NA         NA       
137075 5339   0.72485210 0.32236290 NA         NA         NA       
137075 64222  0.80128210 0.40731980 NA         NA         NA       
137075 114294 0.43522270 0.04431050 -0.0061369 0.96224320 5.71e-05
137075 340385 0.72485210 0.32236290 NA         NA         NA       
137075 7173   0.80128210 0.40731980 NA         NA         NA       
137075 90850  0.80128210 0.40731980 NA         NA         NA       
137075 92922  0.50904980 0.09557640 0.12366940 0.33824470 0.0217148
137075 11078  1.00000000 0.59616000 NA         NA         NA       
137075 84033  0.47008550 0.06592870 0.00934950 0.94250550 0.0001314
137075 161882 0.30448720 0.00416120 0.01161690 0.92859460 0.0002034
137075 7273   1.00000000 0.59616000 NA         NA         NA       
137075 2068   1.00000000 0.59616000 NA         NA         NA       
137075 2617   0.43522270 0.04431050 -0.1012584 0.43356870 0.0165121
137075 134548 0.43522270 0.04431050 -0.1963800 0.12607430 0.0683151
137075 26018  0.55288460 0.13493970 0.14224670 0.27008070 0.0283337
137075 4985   0.80128210 0.40731980 NA         NA         NA       
137075 727897 0.34965030 0.01155090 -0.0502616 0.69805220 0.0039087
137075 4583   0.60256410 0.18544830 -0.1453404 0.25969220 0.0372106
326340 6310   1.12156860 0.68357820 NA         NA         NA       
326340 94025  0.57093430 0.14139570 -0.1908086 0.13740120 0.0616235
326340 144193 1.12156860 0.68357820 NA         NA         NA       
326340 285464 1.12156860 0.68357820 NA         NA         NA       
326340 7157   0.81297130 0.41030200 NA         NA         NA       
326340 114569 1.00000000 0.59268020 NA         NA         NA       
326340 5339   0.81297130 0.41030200 NA         NA         NA       
326340 64222  0.89869280 0.50000000 NA         NA         NA       
326340 114294 0.48813210 0.07070740 -0.0339731 0.79321640 0.0016866
326340 340385 0.81297130 0.41030200 NA         NA         NA       
326340 7173   0.89869280 0.50000000 NA         NA         NA       
326340 90850  0.89869280 0.50000000 NA         NA         NA       
326340 92922  0.57093430 0.14139570 0.09311460 0.47162970 0.0118778
326340 11078  1.12156860 0.68357820 NA         NA         NA       
326340 84033  0.52723310 0.10130380 -0.1110165 0.39033220 0.0189993
326340 161882 0.34150330 0.00798920 0.23766760 0.06287680 0.0782703
326340 7273   1.12156860 0.68357820 NA         NA         NA       
326340 2068   1.12156860 0.68357820 NA         NA         NA       
326340 2617   0.48813210 0.07070740 0.05760660 0.65651250 0.0046434
326340 134548 0.48813210 0.07070740 -0.1255528 0.33088170 0.0244317
326340 26018  0.62009800 0.19219530 0.11205010 0.38590760 0.0169888
326340 4985   0.89869280 0.50000000 NA         NA         NA       
326340 727897 0.39215690 0.02061410 0.00853940 0.94747950 0.0001044
326340 4583   0.67581700 0.25432380 -0.0651940 0.61466370 0.0064037
6310   94025  0.50904980 0.09557640 0.02536810 0.84483340 0.0009581
6310   144193 1.00000000 0.59616000 NA         NA         NA       
6310   285464 1.00000000 0.59616000 NA         NA         NA       
6310   7157   0.72485210 0.32236290 NA         NA         NA       
6310   114569 0.89160840 0.50000000 NA         NA         NA       
6310   5339   0.72485210 0.32236290 NA         NA         NA       
6310   64222  0.80128210 0.40731980 NA         NA         NA       
6310   114294 0.43522270 0.04431050 0.08898470 0.49159560 0.0115098
6310   340385 0.72485210 0.32236290 NA         NA         NA       
6310   7173   0.80128210 0.40731980 NA         NA         NA       
6310   90850  0.80128210 0.40731980 NA         NA         NA       
6310   92922  0.50904980 0.09557640 -0.0729332 0.57320280 0.0084651
6310   11078  1.00000000 0.59616000 NA         NA         NA       
6310   84033  0.47008550 0.06592870 0.29918300 0.01816620 0.1215782
6310   161882 0.30448720 0.00416120 -0.1684453 0.19062880 0.0461892
6310   7273   1.00000000 0.59616000 NA         NA         NA       
6310   2068   1.00000000 0.59616000 NA         NA         NA       
6310   2617   0.43522270 0.04431050 -0.1012584 0.43356870 0.0165192
6310   134548 0.43522270 0.04431050 -0.0061369 0.96224320 5.71e-05
6310   26018  0.55288460 0.13493970 0.14224670 0.27008070 0.0283307
6310   4985   0.80128210 0.40731980 NA         NA         NA       
6310   727897 0.34965030 0.01155090 0.31635210 0.01224640 0.1426264
6310   4583   0.60256410 0.18544830 -0.0429415 0.74034730 0.0028834
94025  144193 1.96444440 0.95972800 NA         NA         NA       
94025  285464 1.96444440 0.95972800 NA         NA         NA       
94025  7157   1.42393160 0.85280150 NA         NA         NA       
94025  114569 1.75151520 0.93407130 NA         NA         NA       
94025  5339   1.42393160 0.85280150 NA         NA         NA       
94025  64222  1.57407410 0.89869620 NA         NA         NA       
94025  114294 0.85497080 0.42168330 NA         NA         NA       
94025  340385 1.42393160 0.85280150 NA         NA         NA       
94025  7173   1.57407410 0.89869620 NA         NA         NA       
94025  90850  1.57407410 0.89869620 NA         NA         NA       
94025  92922  1.00000000 0.57965930 NA         NA         NA       
94025  11078  1.96444440 0.95972800 NA         NA         NA       
94025  84033  0.92345680 0.50000000 NA         NA         NA       
94025  161882 0.59814810 0.12597480 0.10535490 0.41509860 0.0126974
94025  7273   1.96444440 0.95972800 NA         NA         NA       
94025  2068   1.96444440 0.95972800 NA         NA         NA       
94025  2617   0.85497080 0.42168330 NA         NA         NA       
94025  134548 0.85497080 0.42168330 NA         NA         NA       
94025  26018  1.08611110 0.65758690 NA         NA         NA       
94025  4985   1.57407410 0.89869620 NA         NA         NA       
94025  727897 0.68686870 0.21969430 0.07312720 0.57218030 0.006123
94025  4583   1.18370370 0.73074140 NA         NA         NA       
144193 285464 1.00000000 0.59616000 NA         NA         NA       
144193 7157   0.72485210 0.32236290 NA         NA         NA       
144193 114569 0.89160840 0.50000000 NA         NA         NA       
144193 5339   0.72485210 0.32236290 NA         NA         NA       
144193 64222  0.80128210 0.40731980 NA         NA         NA       
144193 114294 0.43522270 0.04431050 0.18410630 0.15202110 0.0477944
144193 340385 0.72485210 0.32236290 NA         NA         NA       
144193 7173   0.80128210 0.40731980 NA         NA         NA       
144193 90850  0.80128210 0.40731980 NA         NA         NA       
144193 92922  0.50904980 0.09557640 0.02536810 0.84483340 0.0009581
144193 11078  1.00000000 0.59616000 NA         NA         NA       
144193 84033  0.47008550 0.06592870 0.20257180 0.11433360 0.0570998
144193 161882 0.30448720 0.00416120 0.19167910 0.13558260 0.0537452
144193 7273   1.00000000 0.59616000 NA         NA         NA       
144193 2068   1.00000000 0.59616000 NA         NA         NA       
144193 2617   0.43522270 0.04431050 -0.0061369 0.96224320 5.71e-05
144193 134548 0.43522270 0.04431050 -0.0061369 0.96224320 5.71e-05
144193 26018  0.55288460 0.13493970 0.14224670 0.27008070 0.0283336
144193 4985   0.80128210 0.40731980 NA         NA         NA       
144193 727897 0.34965030 0.01155090 0.22469870 0.07912230 0.0724226
144193 4583   0.60256410 0.18544830 0.26425530 0.03794450 0.0924758
285464 7157   0.72485210 0.32236290 NA         NA         NA       
285464 114569 0.89160840 0.50000000 NA         NA         NA       
285464 5339   0.72485210 0.32236290 NA         NA         NA       
285464 64222  0.80128210 0.40731980 NA         NA         NA       
285464 114294 0.43522270 0.04431050 0.08898470 0.49159560 0.0115081
285464 340385 0.72485210 0.32236290 NA         NA         NA       
285464 7173   0.80128210 0.40731980 NA         NA         NA       
285464 90850  0.80128210 0.40731980 NA         NA         NA       
285464 92922  0.50904980 0.09557640 0.12366940 0.33824470 0.0217175
285464 11078  1.00000000 0.59616000 NA         NA         NA       
285464 84033  0.47008550 0.06592870 -0.0872617 0.50005420 0.0121977
285464 161882 0.30448720 0.00416120 0.10164800 0.43179240 0.0152693
285464 7273   1.00000000 0.59616000 NA         NA         NA       
285464 2068   1.00000000 0.59616000 NA         NA         NA       
285464 2617   0.43522270 0.04431050 0.08898470 0.49159560 0.0115102
285464 134548 0.43522270 0.04431050 -0.1012584 0.43356870 0.0165101
285464 26018  0.55288460 0.13493970 -0.0581918 0.65324480 0.0053476
285464 4985   0.80128210 0.40731980 NA         NA         NA       
285464 727897 0.34965030 0.01155090 -0.1419150 0.27121070 0.032607
285464 4583   0.60256410 0.18544830 0.05945740 0.64620030 0.0051371
7157   114569 1.23005570 0.75204720 NA         NA         NA       
7157   5339   1.00000000 0.58711920 NA         NA         NA       
7157   64222  1.10544220 0.67249610 NA         NA         NA       
7157   114294 0.60042960 0.15241470 0.25921540 0.04190680 0.0821341
7157   340385 1.00000000 0.58711920 NA         NA         NA       
7157   7173   1.10544220 0.67249610 NA         NA         NA       
7157   90850  1.10544220 0.67249610 NA         NA         NA       
7157   92922  0.70228090 0.26487700 0.12749390 0.32339980 0.0203071
7157   11078  1.37959180 0.82216440 NA         NA         NA       
7157   84033  0.64852610 0.20353390 0.28157730 0.02661690 0.0956249
7157   161882 0.42006800 0.02445370 0.16006360 0.21396960 0.0328157
7157   7273   1.37959180 0.82216440 NA         NA         NA       
7157   2068   1.37959180 0.82216440 NA         NA         NA       
7157   2617   0.60042960 0.15241470 -0.1705000 0.18519720 0.0419195
7157   134548 0.60042960 0.15241470 0.08732930 0.49972120 0.0097199
7157   26018  0.76275510 0.33591050 NA         NA         NA       
7157   4985   1.10544220 0.67249610 NA         NA         NA       
7157   727897 0.48237480 0.05487860 0.19767450 0.12354700 0.0492685
7157   4583   0.83129250 0.41512610 NA         NA         NA       
114569 5339   0.81297130 0.41030200 NA         NA         NA       
114569 64222  0.89869280 0.50000000 NA         NA         NA       
114569 114294 0.48813210 0.07070740 0.14918630 0.24715880 0.0301806
114569 340385 0.81297130 0.41030200 NA         NA         NA       
114569 7173   0.89869280 0.50000000 NA         NA         NA       
114569 90850  0.89869280 0.50000000 NA         NA         NA       
114569 92922  0.57093430 0.14139570 0.09311460 0.47162970 0.0118809
114569 11078  1.12156860 0.68357820 NA         NA         NA       
114569 84033  0.52723310 0.10130380 0.07501120 0.56229510 0.0077946
114569 161882 0.34150330 0.00798920 -0.0223687 0.86299060 0.0007218
114569 7273   1.12156860 0.68357820 NA         NA         NA       
114569 2068   1.12156860 0.68357820 NA         NA         NA       
114569 2617   0.48813210 0.07070740 0.05760660 0.65651250 0.0046435
114569 134548 0.48813210 0.07070740 0.05760660 0.65651250 0.0046434
114569 26018  0.62009800 0.19219530 0.40151280 0.00121880 0.1994658
114569 4985   0.89869280 0.50000000 NA         NA         NA       
114569 727897 0.39215690 0.02061410 0.00853940 0.94747950 0.0001043
114569 4583   0.67581700 0.25432380 -0.1637801 0.20338370 0.0452637
5339   64222  1.10544220 0.67249610 NA         NA         NA       
5339   114294 0.60042960 0.15241470 -0.0845569 0.51348310 0.0097617
5339   340385 1.00000000 0.58711920 NA         NA         NA       
5339   7173   1.10544220 0.67249610 NA         NA         NA       
5339   90850  1.10544220 0.67249610 NA         NA         NA       
5339   92922  0.70228090 0.26487700 0.12749390 0.32339980 0.0202965
5339   11078  1.37959180 0.82216440 NA         NA         NA       
5339   84033  0.64852610 0.20353390 0.01971040 0.87914260 0.000506
5339   161882 0.42006800 0.02445370 0.32275130 0.01051260 0.1322053
5339   7273   1.37959180 0.82216440 NA         NA         NA       
5339   2068   1.37959180 0.82216440 NA         NA         NA       
5339   2617   0.60042960 0.15241470 0.00138620 0.99146870 2.5e-06
5339   134548 0.60042960 0.15241470 -0.0845569 0.51348310 0.0097638
5339   26018  0.76275510 0.33591050 NA         NA         NA       
5339   4985   1.10544220 0.67249610 NA         NA         NA       
5339   727897 0.48237480 0.05487860 -0.0507543 0.69523620 0.0034386
5339   4583   0.83129250 0.41512610 NA         NA         NA       
64222  114294 0.54315790 0.10651170 0.11711900 0.36464310 0.0180001
64222  340385 0.90461540 0.50000000 NA         NA         NA       
64222  7173   1.00000000 0.58969800 NA         NA         NA       
64222  90850  1.00000000 0.58969800 NA         NA         NA       
64222  92922  0.63529410 0.19819250 -0.0265684 0.83758860 0.0009805
64222  11078  1.24800000 0.75932650 NA         NA         NA       
64222  84033  0.58666670 0.14719850 0.04642070 0.72014010 0.0028898
64222  161882 0.38000000 0.01438710 0.36499820 0.00353560 0.1764782
64222  7273   1.24800000 0.75932650 NA         NA         NA       
64222  2068   1.24800000 0.75932650 NA         NA         NA       
64222  2617   0.54315790 0.10651170 0.11711900 0.36464310 0.0180077
64222  134548 0.54315790 0.10651170 -0.0599878 0.64325760 0.0050731
64222  26018  0.69000000 0.25992810 -0.0090289 0.94447340 0.0001122
64222  4985   1.00000000 0.58969800 NA         NA         NA       
64222  727897 0.43636360 0.03458260 -0.0220193 0.86511080 0.0006685
64222  4583   0.75200000 0.33198430 NA         NA         NA       
114294 340385 1.66547410 0.92489560 NA         NA         NA       
114294 7173   1.84108530 0.95190580 NA         NA         NA       
114294 90850  1.84108530 0.95190580 NA         NA         NA       
114294 92922  1.16963060 0.72340880 NA         NA         NA       
114294 11078  2.29767440 0.98360930 NA         NA         NA       
114294 84033  1.08010340 0.65251150 NA         NA         NA       
114294 161882 0.69961240 0.22531030 -0.0254867 0.84411670 0.0007218
114294 7273   2.29767440 0.98360930 NA         NA         NA       
114294 2068   2.29767440 0.98360930 NA         NA         NA       
114294 2617   1.00000000 0.57713230 NA         NA         NA       
114294 134548 1.00000000 0.57713230 NA         NA         NA       
114294 26018  1.27034880 0.78745610 NA         NA         NA       
114294 4985   1.84108530 0.95190580 NA         NA         NA       
114294 727897 0.80338270 0.35144580 NA         NA         NA       
114294 4583   1.38449610 0.84289880 NA         NA         NA       
340385 7173   1.10544220 0.67249610 NA         NA         NA       
340385 90850  1.10544220 0.67249610 NA         NA         NA       
340385 92922  0.70228090 0.26487700 0.03867790 0.76534890 0.0019323
340385 11078  1.37959180 0.82216440 NA         NA         NA       
340385 84033  0.64852610 0.20353390 0.28157730 0.02661690 0.0956975
340385 161882 0.42006800 0.02445370 0.32275130 0.01051260 0.1323018
340385 7273   1.37959180 0.82216440 NA         NA         NA       
340385 2068   1.37959180 0.82216440 NA         NA         NA       
340385 2617   0.60042960 0.15241470 -0.0845569 0.51348310 0.0098
340385 134548 0.60042960 0.15241470 0.08732930 0.49972120 0.0097181
340385 26018  0.76275510 0.33591050 NA         NA         NA       
340385 4985   1.10544220 0.67249610 NA         NA         NA       
340385 727897 0.48237480 0.05487860 0.03205530 0.80465230 0.0013411
340385 4583   0.83129250 0.41512610 NA         NA         NA       
7173   90850  1.00000000 0.58969800 NA         NA         NA       
7173   92922  0.63529410 0.19819250 -0.1180820 0.36068530 0.0206476
7173   11078  1.24800000 0.75932650 NA         NA         NA       
7173   84033  0.58666670 0.14719850 0.40618120 0.00105420 0.2016685
7173   161882 0.38000000 0.01438710 0.11355500 0.37951860 0.0172793
7173   7273   1.24800000 0.75932650 NA         NA         NA       
7173   2068   1.24800000 0.75932650 NA         NA         NA       
7173   2617   0.54315790 0.10651170 -0.0599878 0.64325760 0.0050689
7173   134548 0.54315790 0.10651170 0.20567230 0.10877920 0.0542577
7173   26018  0.69000000 0.25992810 0.17756910 0.16736300 0.0399186
7173   4985   1.00000000 0.58969800 NA         NA         NA       
7173   727897 0.43636360 0.03458260 0.06330540 0.62497350 0.0053907
7173   4583   0.75200000 0.33198430 NA         NA         NA       
90850  92922  0.63529410 0.19819250 -0.0265684 0.83758860 0.0009802
90850  11078  1.24800000 0.75932650 NA         NA         NA       
90850  84033  0.58666670 0.14719850 0.13636080 0.29060230 0.0241416
90850  161882 0.38000000 0.01438710 0.11355500 0.37951860 0.017282
90850  7273   1.24800000 0.75932650 NA         NA         NA       
90850  2068   1.24800000 0.75932650 NA         NA         NA       
90850  2617   0.54315790 0.10651170 0.11711900 0.36464310 0.0180023
90850  134548 0.54315790 0.10651170 0.02856560 0.82556490 0.001104
90850  26018  0.69000000 0.25992810 0.17756910 0.16736300 0.0398529
90850  4985   1.00000000 0.58969800 NA         NA         NA       
90850  727897 0.43636360 0.03458260 0.14863010 0.24894540 0.0291707
90850  4583   0.75200000 0.33198430 NA         NA         NA       
92922  11078  1.96444440 0.95972800 NA         NA         NA       
92922  84033  0.92345680 0.50000000 NA         NA         NA       
92922  161882 0.59814810 0.12597480 -0.0430997 0.73942450 0.0021705
92922  7273   1.96444440 0.95972800 NA         NA         NA       
92922  2068   1.96444440 0.95972800 NA         NA         NA       
92922  2617   0.85497080 0.42168330 NA         NA         NA       
92922  134548 0.85497080 0.42168330 NA         NA         NA       
92922  26018  1.08611110 0.65758690 NA         NA         NA       
92922  4985   1.57407410 0.89869620 NA         NA         NA       
92922  727897 0.68686870 0.21969430 0.07312720 0.57218030 0.0061221
92922  4583   1.18370370 0.73074140 NA         NA         NA       
11078  84033  0.47008550 0.06592870 0.20257180 0.11433360 0.0570973
11078  161882 0.30448720 0.00416120 -0.0784142 0.54464590 0.0095673
11078  7273   1.00000000 0.59616000 NA         NA         NA       
11078  2068   1.00000000 0.59616000 NA         NA         NA       
11078  2617   0.43522270 0.04431050 -0.0061369 0.96224320 5.71e-05
11078  134548 0.43522270 0.04431050 0.18410630 0.15202110 0.0478022
11078  26018  0.55288460 0.13493970 0.04202740 0.74568600 0.0026019
11078  4985   0.80128210 0.40731980 NA         NA         NA       
11078  727897 0.34965030 0.01155090 0.13304530 0.30260110 0.0257626
11078  4583   0.60256410 0.18544830 -0.2477394 0.05221170 0.1518111
84033  161882 0.64772730 0.17141360 0.14825540 0.25015390 0.0244383
84033  7273   2.12727270 0.97398180 NA         NA         NA       
84033  2068   2.12727270 0.97398180 NA         NA         NA       
84033  2617   0.92583730 0.50000000 NA         NA         NA       
84033  134548 0.92583730 0.50000000 NA         NA         NA       
84033  26018  1.17613640 0.72685590 NA         NA         NA       
84033  4985   1.70454550 0.92929260 NA         NA         NA       
84033  727897 0.74380170 0.28235090 0.49111130 5.06e-0500 0.2569554
84033  4583   1.28181820 0.79170340 NA         NA         NA       
161882 7273   3.28421050 0.99887540 NA         NA         NA       
161882 2068   3.28421050 0.99887540 NA         NA         NA       
161882 2617   1.42936290 0.87125450 NA         NA         NA       
161882 134548 1.42936290 0.87125450 NA         NA         NA       
161882 26018  1.81578950 0.95841230 NA         NA         NA       
161882 4985   2.63157890 0.99520970 NA         NA         NA       
161882 727897 1.14832540 0.71135420 NA         NA         NA       
161882 4583   1.97894740 0.97380400 NA         NA         NA       
7273   2068   1.00000000 0.59616000 NA         NA         NA       
7273   2617   0.43522270 0.04431050 -0.1963800 0.12607430 0.0683851
7273   134548 0.43522270 0.04431050 0.27922780 0.02796230 0.1075979
7273   26018  0.55288460 0.13493970 0.04202740 0.74568600 0.0026003
7273   4985   0.80128210 0.40731980 NA         NA         NA       
7273   727897 0.34965030 0.01155090 0.04139190 0.74940500 0.0025529
7273   4583   0.60256410 0.18544830 -0.0429415 0.74034730 0.0028828
2068   2617   0.43522270 0.04431050 -0.1963800 0.12607430 0.0687356
2068   134548 0.43522270 0.04431050 0.08898470 0.49159560 0.011511
2068   26018  0.55288460 0.13493970 -0.0581918 0.65324480 0.0053458
2068   4985   0.80128210 0.40731980 NA         NA         NA       
2068   727897 0.34965030 0.01155090 0.22469870 0.07912230 0.0724121
2068   4583   0.60256410 0.18544830 0.05945740 0.64620030 0.0051416
2617   134548 1.00000000 0.57713230 NA         NA         NA       
2617   26018  1.27034880 0.78745610 NA         NA         NA       
2617   4985   1.84108530 0.95190580 NA         NA         NA       
2617   727897 0.80338270 0.35144580 NA         NA         NA       
2617   4583   1.38449610 0.84289880 NA         NA         NA       
134548 26018  1.27034880 0.78745610 NA         NA         NA       
134548 4985   1.84108530 0.95190580 NA         NA         NA       
134548 727897 0.80338270 0.35144580 NA         NA         NA       
134548 4583   1.38449610 0.84289880 NA         NA         NA       
26018  4985   1.44927540 0.85860430 NA         NA         NA       
26018  727897 0.63241110 0.16507060 -0.1292270 0.31681160 0.0206142
26018  4583   1.08985510 0.66063500 NA         NA         NA       
4985   727897 0.43636360 0.03458260 -0.0220193 0.86511080 0.0006685
4985   4583   0.75200000 0.33198430 NA         NA         NA       
727897 4583   1.72333330 0.94212010 NA         NA         NA       
