Gene1  Gene2  oddsratio  pvalue     pearson    p_pval     HC
3845   2312   54.7123746 0.99999990 NA         NA         NA       
3845   94025  43.4510870 0.99999990 NA         NA         NA       
3845   6263   72.7304348 0.99999990 NA         NA         NA       
3845   6262   72.7304348 0.99999990 NA         NA         NA       
3845   84624  50.4223602 0.99999990 NA         NA         NA       
3845   83732  8.84822130 0.99999990 NA         NA         NA       
3845   114784 72.7304348 0.99999990 NA         NA         NA       
3845   5936   7.24544180 0.99999990 NA         NA         NA       
3845   5989   27.1847826 0.99999990 NA         NA         NA       
3845   23387  54.7123746 0.99999990 NA         NA         NA       
3845   79633  72.7304348 0.99999990 NA         NA         NA       
3845   8202   50.4223602 0.99999990 NA         NA         NA       
3845   6261   59.7173913 0.99999990 NA         NA         NA       
3845   8471   43.4510870 0.99999990 NA         NA         NA       
3845   165    24.6822742 0.99999990 NA         NA         NA       
3845   713    16.9602484 0.99999990 NA         NA         NA       
3845   6708   72.7304348 0.99999990 NA         NA         NA       
3845   54502  25.8834783 0.99999990 NA         NA         NA       
3845   11178  72.7304348 0.99999990 NA         NA         NA       
3845   7157   2.46000000 0.99956740 NA         NA         NA       
3845   120114 65.6324111 0.99999990 NA         NA         NA       
3845   4089   19.0516304 0.99999990 NA         NA         NA       
3845   2196   72.7304348 0.99999990 NA         NA         NA       
3845   53353  59.7173913 0.99999990 NA         NA         NA       
3845   1029   20.6782609 0.99999990 NA         NA         NA       
3845   84033  65.6324111 0.99999990 NA         NA         NA       
3845   7301   50.4223602 0.99999990 NA         NA         NA       
3845   8085   21.5757121 0.99999990 NA         NA         NA       
3845   353139 11.6257089 0.99999990 NA         NA         NA       
3845   83637  59.7173913 0.99999990 NA         NA         NA       
3845   8857   59.7173913 0.99999990 NA         NA         NA       
3845   57477  65.6324111 0.99999990 NA         NA         NA       
3845   2830   59.7173913 0.99999990 NA         NA         NA       
3845   375248 27.1847826 0.99999990 NA         NA         NA       
3845   133746 8.84822130 0.99999990 NA         NA         NA       
3845   7273   15.1990847 0.99999990 NA         NA         NA       
2312   94025  0.79417290 0.34808140 NA         NA         NA       
2312   6263   1.32932330 0.80734200 NA         NA         NA       
2312   6262   1.32932330 0.80734200 NA         NA         NA       
2312   84624  0.92158970 0.50000000 NA         NA         NA       
2312   83732  0.16172250 0.00000000 0.00509910 0.95129290 5.62e-05
2312   114784 1.32932330 0.80734200 NA         NA         NA       
2312   5936   0.13242780 0.00000000 -0.0253268 0.76155200 0.0014025
2312   5989   0.49686720 0.03872990 0.12088870 0.14608920 0.0270487
2312   23387  1.00000000 0.58118260 NA         NA         NA       
2312   79633  1.32932330 0.80734200 NA         NA         NA       
2312   8202   0.92158970 0.50000000 NA         NA         NA       
2312   6261   1.09147870 0.66175930 NA         NA         NA       
2312   8471   0.79417290 0.34808140 NA         NA         NA       
2312   165    0.45112780 0.01897300 -0.0198054 0.81244310 0.0008792
2312   713    0.30998930 0.00039060 0.10610590 0.20242810 0.0221398
2312   6708   1.32932330 0.80734200 NA         NA         NA       
2312   54502  0.47308270 0.02731020 0.11325040 0.17350420 0.0240472
2312   11178  1.32932330 0.80734200 NA         NA         NA       
2312   7157   0.04496240 0.00000000 0.00496420 0.95257950 5.36e-05
2312   120114 1.19958990 0.73825350 NA         NA         NA       
2312   4089   0.34821430 0.00159690 0.12502730 0.13267630 0.029964
2312   2196   1.32932330 0.80734200 NA         NA         NA       
2312   53353  1.09147870 0.66175930 NA         NA         NA       
2312   1029   0.37794490 0.00384080 -0.0399520 0.63209220 0.0036769
2312   84033  1.19958990 0.73825350 NA         NA         NA       
2312   7301   0.92158970 0.50000000 NA         NA         NA       
2312   8085   0.39434790 0.00584320 0.08546350 0.30505110 0.0143122
2312   353139 0.21248770 1e-0600000 0.04680560 0.57479740 0.0046049
2312   83637  1.09147870 0.66175930 NA         NA         NA       
2312   8857   1.09147870 0.66175930 NA         NA         NA       
2312   57477  1.19958990 0.73825350 NA         NA         NA       
2312   2830   1.09147870 0.66175930 NA         NA         NA       
2312   375248 0.49686720 0.03872990 -0.0088889 0.91519860 0.0001741
2312   133746 0.16172250 0.00000000 0.10436110 0.20999190 0.0228148
2312   7273   0.27779980 8.61e-0500 0.08859530 0.28760400 0.0158231
94025  6263   1.67384620 0.92539450 NA         NA         NA       
94025  6262   1.67384620 0.92539450 NA         NA         NA       
94025  84624  1.16043960 0.71813030 NA         NA         NA       
94025  83732  0.20363640 1e-0700000 -0.0464898 0.57738310 0.0042092
94025  114784 1.67384620 0.92539450 NA         NA         NA       
94025  5936   0.16674940 0.00000000 0.00911490 0.91305030 0.0001579
94025  5989   0.62564100 0.11660810 0.08104250 0.33083980 0.0112808
94025  23387  1.25917160 0.78284850 NA         NA         NA       
94025  79633  1.67384620 0.92539450 NA         NA         NA       
94025  8202   1.16043960 0.71813030 NA         NA         NA       
94025  6261   1.37435900 0.83978920 NA         NA         NA       
94025  8471   1.00000000 0.57414840 NA         NA         NA       
94025  165    0.56804730 0.06634660 0.18057140 0.02917900 0.0518858
94025  713    0.39032970 0.00258530 0.00844280 0.91944000 0.0001343
94025  6708   1.67384620 0.92539450 NA         NA         NA       
94025  54502  0.59569230 0.08864050 0.13155870 0.11345480 0.0284575
94025  11178  1.67384620 0.92539450 NA         NA         NA       
94025  7157   0.05661540 0.00000000 0.04913980 0.55585440 0.0047688
94025  120114 1.51048950 0.88751090 NA         NA         NA       
94025  4089   0.43846150 0.00860460 0.02613810 0.75415440 0.0012633
94025  2196   1.67384620 0.92539450 NA         NA         NA       
94025  53353  1.37435900 0.83978920 NA         NA         NA       
94025  1029   0.47589740 0.01797270 -0.1241438 0.13545720 0.0365612
94025  84033  1.51048950 0.88751090 NA         NA         NA       
94025  7301   1.16043960 0.71813030 NA         NA         NA       
94025  8085   0.49655170 0.02545070 0.15508640 0.06160420 0.0396065
94025  353139 0.26755850 1.27e-0500 0.04526030 0.58750190 0.0037886
94025  83637  1.37435900 0.83978920 NA         NA         NA       
94025  8857   1.37435900 0.83978920 NA         NA         NA       
94025  57477  1.51048950 0.88751090 NA         NA         NA       
94025  2830   1.37435900 0.83978920 NA         NA         NA       
94025  375248 0.62564100 0.11660810 0.02188150 0.79320300 0.0008819
94025  133746 0.20363640 1e-0700000 0.08926040 0.28398650 0.0147297
94025  7273   0.34979760 0.00069510 0.19166940 0.02047250 0.0619281
6263   6262   1.00000000 0.59127430 NA         NA         NA       
6263   84624  0.69327730 0.26174650 0.09587890 0.24964760 0.0190326
6263   83732  0.12165780 0.00000000 -0.0988891 0.23502120 0.027177
6263   114784 1.00000000 0.59127430 NA         NA         NA       
6263   5936   0.09962050 0.00000000 -0.1232449 0.13833250 0.0420294
6263   5989   0.37377450 0.00833510 0.17238660 0.03746560 0.0606406
6263   23387  0.75226240 0.33239340 NA         NA         NA       
6263   79633  1.00000000 0.59127430 NA         NA         NA       
6263   8202   0.69327730 0.26174650 0.09587890 0.24964760 0.0190312
6263   6261   0.82107840 0.41255310 NA         NA         NA       
6263   8471   0.59742650 0.15212130 0.07848250 0.34639250 0.0133674
6263   165    0.33936650 0.00345610 0.01553470 0.85236290 0.000603
6263   713    0.23319330 3.56e-0500 -0.0252327 0.76241210 0.0016923
6263   6708   1.00000000 0.59127430 NA         NA         NA       
6263   54502  0.35588240 0.00540400 -0.0512745 0.53879850 0.0075765
6263   11178  1.00000000 0.59127430 NA         NA         NA       
6263   7157   0.03382350 0.00000000 0.06716780 0.42051660 0.0124315
6263   120114 0.90240640 0.50000000 NA         NA         NA       
6263   4089   0.26194850 0.00018160 -0.0781182 0.34864240 0.0182389
6263   2196   1.00000000 0.59127430 NA         NA         NA       
6263   53353  0.82107840 0.41255310 NA         NA         NA       
6263   1029   0.28431370 0.00050860 0.06343370 0.44686590 0.009459
6263   84033  0.90240640 0.50000000 NA         NA         NA       
6263   7301   0.69327730 0.26174650 -0.0883095 0.28916790 0.0375994
6263   8085   0.29665310 0.00083640 0.00093100 0.99110130 2.2e-06
6263   353139 0.15984650 0.00000000 0.04957620 0.55234610 0.006073
6263   83637  0.82107840 0.41255310 NA         NA         NA       
6263   8857   0.82107840 0.41255310 NA         NA         NA       
6263   57477  0.90240640 0.50000000 NA         NA         NA       
6263   2830   0.82107840 0.41255310 NA         NA         NA       
6263   375248 0.37377450 0.00833510 0.02605840 0.75487950 0.0016581
6263   133746 0.12165780 0.00000000 0.12495280 0.13290890 0.0384842
6263   7273   0.20897830 6.4e-06000 0.08634890 0.30004960 0.0176033
6262   84624  0.69327730 0.26174650 0.00378470 0.96383810 3.63e-05
6262   83732  0.12165780 0.00000000 0.06899240 0.40797700 0.0118552
6262   114784 1.00000000 0.59127430 NA         NA         NA       
6262   5936   0.09962050 0.00000000 -0.0135269 0.87126780 0.0004714
6262   5989   0.37377450 0.00833510 0.02605840 0.75487950 0.0016599
6262   23387  0.75226240 0.33239340 NA         NA         NA       
6262   79633  1.00000000 0.59127430 NA         NA         NA       
6262   8202   0.69327730 0.26174650 0.09587890 0.24964760 0.0190279
6262   6261   0.82107840 0.41255310 NA         NA         NA       
6262   8471   0.59742650 0.15212130 0.07848250 0.34639250 0.0133406
6262   165    0.33936650 0.00345610 -0.0553424 0.50703230 0.0088969
6262   713    0.23319330 3.56e-0500 0.16531740 0.04613990 0.0603286
6262   6708   1.00000000 0.59127430 NA         NA         NA       
6262   54502  0.35588240 0.00540400 -0.0512745 0.53879850 0.0075801
6262   11178  1.00000000 0.59127430 NA         NA         NA       
6262   7157   0.03382350 0.00000000 0.06716780 0.42051660 0.0124317
6262   120114 0.90240640 0.50000000 NA         NA         NA       
6262   4089   0.26194850 0.00018160 -0.0781182 0.34864240 0.0182411
6262   2196   1.00000000 0.59127430 NA         NA         NA       
6262   53353  0.82107840 0.41255310 NA         NA         NA       
6262   1029   0.28431370 0.00050860 -0.0707883 0.39585220 0.0148454
6262   84033  0.90240640 0.50000000 NA         NA         NA       
6262   7301   0.69327730 0.26174650 0.00378470 0.96383810 3.63e-05
6262   8085   0.29665310 0.00083640 0.06889700 0.40862690 0.0110677
6262   353139 0.15984650 0.00000000 -0.0087958 0.91608360 0.0001998
6262   83637  0.82107840 0.41255310 NA         NA         NA       
6262   8857   0.82107840 0.41255310 NA         NA         NA       
6262   57477  0.90240640 0.50000000 NA         NA         NA       
6262   2830   0.82107840 0.41255310 NA         NA         NA       
6262   375248 0.37377450 0.00833510 0.09922250 0.23343870 0.0216733
6262   133746 0.12165780 0.00000000 0.01303190 0.87594000 0.0004326
6262   7273   0.20897830 6.4e-06000 -0.0372486 0.65533550 0.0037329
84624  83732  0.17548210 0.00000000 0.03485400 0.67620330 0.0024791
84624  114784 1.44242420 0.85669090 NA         NA         NA       
84624  5936   0.14369500 0.00000000 0.00257870 0.97535650 1.37e-05
84624  5989   0.53914140 0.05830640 0.04384940 0.59921270 0.0037257
84624  23387  1.08508160 0.65656640 NA         NA         NA       
84624  79633  1.44242420 0.85669090 NA         NA         NA       
84624  8202   1.00000000 0.57857860 NA         NA         NA       
84624  6261   1.18434340 0.73082510 NA         NA         NA       
84624  8471   0.86174240 0.42375190 NA         NA         NA       
84624  165    0.48951050 0.03008070 0.09162090 0.27139380 0.0154899
84624  713    0.33636360 0.00077060 -0.0194069 0.81614880 0.0007975
84624  6708   1.44242420 0.85669090 NA         NA         NA       
84624  54502  0.51333330 0.04219810 -0.0245309 0.76883050 0.0012968
84624  11178  1.44242420 0.85669090 NA         NA         NA       
84624  7157   0.04878790 0.00000000 -0.0294964 0.72377410 0.0017678
84624  120114 1.30165290 0.79835600 NA         NA         NA       
84624  4089   0.37784090 0.00293680 -0.0038514 0.96320100 3.08e-05
84624  2196   1.44242420 0.85669090 NA         NA         NA       
84624  53353  1.18434340 0.73082510 NA         NA         NA       
84624  1029   0.41010100 0.00673070 0.06467010 0.43804020 0.0080298
84624  84033  1.30165290 0.79835600 NA         NA         NA       
84624  7301   1.00000000 0.57857860 NA         NA         NA       
84624  8085   0.42789970 0.00999100 0.01277930 0.87832580 0.0003313
84624  353139 0.23056650 2.4e-06000 0.02949640 0.72377410 0.0017651
84624  83637  1.18434340 0.73082510 NA         NA         NA       
84624  8857   1.18434340 0.73082510 NA         NA         NA       
84624  57477  1.30165290 0.79835600 NA         NA         NA       
84624  2830   1.18434340 0.73082510 NA         NA         NA       
84624  375248 0.53914140 0.05830640 0.04384940 0.59921270 0.0037257
84624  133746 0.17548210 0.00000000 -0.1091654 0.18964290 0.026437
84624  7273   0.30143540 0.00018170 -0.0341329 0.68253700 0.002504
83732  114784 8.21978020 0.99999990 NA         NA         NA       
83732  5936   0.81885860 0.23687160 -0.0101851 0.90288910 0.0001067
83732  5989   3.07234430 0.99998980 NA         NA         NA       
83732  23387  6.18343200 0.99999990 NA         NA         NA       
83732  79633  8.21978020 0.99999990 NA         NA         NA       
83732  8202   5.69858710 0.99999990 NA         NA         NA       
83732  6261   6.74908420 0.99999990 NA         NA         NA       
83732  8471   4.91071430 0.99999990 NA         NA         NA       
83732  165    2.78951820 0.99996170 NA         NA         NA       
83732  713    1.91679750 0.99620010 NA         NA         NA       
83732  6708   8.21978020 0.99999990 NA         NA         NA       
83732  54502  2.92527470 0.99997990 NA         NA         NA       
83732  11178  8.21978020 0.99999990 NA         NA         NA       
83732  7157   0.27802200 1e-0700000 0.07085950 0.39537630 0.0052391
83732  120114 7.41758240 0.99999990 NA         NA         NA       
83732  4089   2.15315930 0.99898010 NA         NA         NA       
83732  2196   8.21978020 0.99999990 NA         NA         NA       
83732  53353  6.74908420 0.99999990 NA         NA         NA       
83732  1029   2.33699630 0.99962150 NA         NA         NA       
83732  84033  7.41758240 0.99999990 NA         NA         NA       
83732  7301   5.69858710 0.99999990 NA         NA         NA       
83732  8085   2.43842360 0.99977780 NA         NA         NA       
83732  353139 1.31390350 0.89075490 NA         NA         NA       
83732  83637  6.74908420 0.99999990 NA         NA         NA       
83732  8857   6.74908420 0.99999990 NA         NA         NA       
83732  57477  7.41758240 0.99999990 NA         NA         NA       
83732  2830   6.74908420 0.99999990 NA         NA         NA       
83732  375248 3.07234430 0.99998980 NA         NA         NA       
83732  133746 1.00000000 0.54804610 NA         NA         NA       
83732  7273   1.71775590 0.98825200 NA         NA         NA       
114784 5936   0.09962050 0.00000000 0.04133210 0.62036230 0.0043357
114784 5989   0.37377450 0.00833510 0.17238660 0.03746560 0.0606493
114784 23387  0.75226240 0.33239340 NA         NA         NA       
114784 79633  1.00000000 0.59127430 NA         NA         NA       
114784 8202   0.69327730 0.26174650 -0.0883095 0.28916790 0.0375994
114784 6261   0.82107840 0.41255310 NA         NA         NA       
114784 8471   0.59742650 0.15212130 -0.0083239 0.92057040 0.0001818
114784 165    0.33936650 0.00345610 -0.1262195 0.12899290 0.0731493
114784 713    0.23319330 3.56e-0500 0.03828400 0.64639230 0.0035979
114784 6708   1.00000000 0.59127430 NA         NA         NA       
114784 54502  0.35588240 0.00540400 -0.0512745 0.53879850 0.00758
114784 11178  1.00000000 0.59127430 NA         NA         NA       
114784 7157   0.03382350 0.00000000 0.06716780 0.42051660 0.0124355
114784 120114 0.90240640 0.50000000 NA         NA         NA       
114784 4089   0.26194850 0.00018160 -0.1436657 0.08363310 0.0922813
114784 2196   1.00000000 0.59127430 NA         NA         NA       
114784 53353  0.82107840 0.41255310 NA         NA         NA       
114784 1029   0.28431370 0.00050860 -0.1378993 0.09694230 0.0857943
114784 84033  0.90240640 0.50000000 NA         NA         NA       
114784 7301   0.69327730 0.26174650 0.00378470 0.96383810 3.63e-05
114784 8085   0.29665310 0.00083640 0.00093100 0.99110130 2.2e-06
114784 353139 0.15984650 0.00000000 -0.0087958 0.91608360 0.0001998
114784 83637  0.82107840 0.41255310 NA         NA         NA       
114784 8857   0.82107840 0.41255310 NA         NA         NA       
114784 57477  0.90240640 0.50000000 NA         NA         NA       
114784 2830   0.82107840 0.41255310 NA         NA         NA       
114784 375248 0.37377450 0.00833510 -0.0471056 0.57234540 0.0063533
114784 133746 0.12165780 0.00000000 0.06899240 0.40797700 0.0118578
114784 7273   0.20897830 6.4e-06000 -0.1608461 0.05244630 0.1124479
5936   5989   3.75198410 0.99999980 NA         NA         NA       
5936   23387  7.55128210 0.99999990 NA         NA         NA       
5936   79633  10.0380952 0.99999990 NA         NA         NA       
5936   8202   6.95918370 0.99999990 NA         NA         NA       
5936   6261   8.24206350 0.99999990 NA         NA         NA       
5936   8471   5.99702380 0.99999990 NA         NA         NA       
5936   165    3.40659340 0.99999910 NA         NA         NA       
5936   713    2.34081630 0.99976390 NA         NA         NA       
5936   6708   10.0380952 0.99999990 NA         NA         NA       
5936   54502  3.57238100 0.99999960 NA         NA         NA       
5936   11178  10.0380952 0.99999990 NA         NA         NA       
5936   7157   0.33952380 5.9e-06000 -0.0437219 0.60027590 0.0018838
5936   120114 9.05844160 0.99999990 NA         NA         NA       
5936   4089   2.62946430 0.99995360 NA         NA         NA       
5936   2196   10.0380952 0.99999990 NA         NA         NA       
5936   53353  8.24206350 0.99999990 NA         NA         NA       
5936   1029   2.85396830 0.99998610 NA         NA         NA       
5936   84033  9.05844160 0.99999990 NA         NA         NA       
5936   7301   6.95918370 0.99999990 NA         NA         NA       
5936   8085   2.97783250 0.99999270 NA         NA         NA       
5936   353139 1.60455490 0.98045270 NA         NA         NA       
5936   83637  8.24206350 0.99999990 NA         NA         NA       
5936   8857   8.24206350 0.99999990 NA         NA         NA       
5936   57477  9.05844160 0.99999990 NA         NA         NA       
5936   2830   8.24206350 0.99999990 NA         NA         NA       
5936   375248 3.75198410 0.99999980 NA         NA         NA       
5936   133746 1.22121210 0.83029450 NA         NA         NA       
5936   7273   2.09774440 0.99901270 NA         NA         NA       
5989   23387  2.01261030 0.98316500 NA         NA         NA       
5989   79633  2.67540980 0.99722530 NA         NA         NA       
5989   8202   1.85480090 0.97268980 NA         NA         NA       
5989   6261   2.19672130 0.99016880 NA         NA         NA       
5989   8471   1.59836070 0.93760600 NA         NA         NA       
5989   165    0.90794450 0.43834610 NA         NA         NA       
5989   713    0.62388760 0.07229620 0.05396230 0.51769940 0.004201
5989   6708   2.67540980 0.99722530 NA         NA         NA       
5989   54502  0.95213110 0.50000000 NA         NA         NA       
5989   11178  2.67540980 0.99722530 NA         NA         NA       
5989   7157   0.09049180 0.00000000 0.10190770 0.22096700 0.0164802
5989   120114 2.41430700 0.99459600 NA         NA         NA       
5989   4089   0.70081970 0.14904340 -0.1009720 0.22525820 0.0168842
5989   2196   2.67540980 0.99722530 NA         NA         NA       
5989   53353  2.19672130 0.99016880 NA         NA         NA       
5989   1029   0.76065570 0.22563620 0.04887080 0.55802170 0.0034347
5989   84033  2.41430700 0.99459600 NA         NA         NA       
5989   7301   1.85480090 0.97268980 NA         NA         NA       
5989   8085   0.79366870 0.27196390 0.10342850 0.21411720 0.0147903
5989   353139 0.42765500 0.00190210 0.05722090 0.49269900 0.0047769
5989   83637  2.19672130 0.99016880 NA         NA         NA       
5989   8857   2.19672130 0.99016880 NA         NA         NA       
5989   57477  2.41430700 0.99459600 NA         NA         NA       
5989   2830   2.19672130 0.99016880 NA         NA         NA       
5989   375248 1.00000000 0.56265430 NA         NA         NA       
5989   133746 0.32548440 3.33e-0500 0.07471000 0.37013650 0.0081865
5989   7273   0.55910270 0.03114860 0.07385000 0.37568550 0.0078136
23387  79633  1.32932330 0.80734200 NA         NA         NA       
23387  8202   0.92158970 0.50000000 NA         NA         NA       
23387  6261   1.09147870 0.66175930 NA         NA         NA       
23387  8471   0.79417290 0.34808140 NA         NA         NA       
23387  165    0.45112780 0.01897300 -0.0198054 0.81244310 0.0008799
23387  713    0.30998930 0.00039060 0.10610590 0.20242810 0.0221424
23387  6708   1.32932330 0.80734200 NA         NA         NA       
23387  54502  0.47308270 0.02731020 0.04941040 0.55367780 0.0049308
23387  11178  1.32932330 0.80734200 NA         NA         NA       
23387  7157   0.04496240 0.00000000 -0.0468056 0.57479740 0.0045935
23387  120114 1.19958990 0.73825350 NA         NA         NA       
23387  4089   0.34821430 0.00159690 -0.1075075 0.19649590 0.0305041
23387  2196   1.32932330 0.80734200 NA         NA         NA       
23387  53353  1.09147870 0.66175930 NA         NA         NA       
23387  1029   0.37794490 0.00384080 -0.0399520 0.63209220 0.0036778
23387  84033  1.19958990 0.73825350 NA         NA         NA       
23387  7301   0.92158970 0.50000000 NA         NA         NA       
23387  8085   0.39434790 0.00584320 0.14574220 0.07921530 0.0394987
23387  353139 0.21248770 1e-0600000 -0.0567340 0.49639330 0.0073266
23387  83637  1.09147870 0.66175930 NA         NA         NA       
23387  8857   1.09147870 0.66175930 NA         NA         NA       
23387  57477  1.19958990 0.73825350 NA         NA         NA       
23387  2830   1.09147870 0.66175930 NA         NA         NA       
23387  375248 0.49686720 0.03872990 -0.1386665 0.09508060 0.0742501
23387  133746 0.16172250 0.00000000 -0.0445320 0.59353430 0.0044076
23387  7273   0.27779980 8.61e-0500 -0.0210226 0.80114800 0.0009814
79633  8202   0.69327730 0.26174650 0.09587890 0.24964760 0.0190301
79633  6261   0.82107840 0.41255310 NA         NA         NA       
79633  8471   0.59742650 0.15212130 0.07848250 0.34639250 0.0133478
79633  165    0.33936650 0.00345610 0.01553470 0.85236290 0.000602
79633  713    0.23319330 3.56e-0500 -0.0252327 0.76241210 0.0016924
79633  6708   1.00000000 0.59127430 NA         NA         NA       
79633  54502  0.35588240 0.00540400 0.09268850 0.26582460 0.0191559
79633  11178  1.00000000 0.59127430 NA         NA         NA       
79633  7157   0.03382350 0.00000000 0.00879580 0.91608360 0.0001998
79633  120114 0.90240640 0.50000000 NA         NA         NA       
79633  4089   0.26194850 0.00018160 -0.0125707 0.88029660 0.0004128
79633  2196   1.00000000 0.59127430 NA         NA         NA       
79633  53353  0.82107840 0.41255310 NA         NA         NA       
79633  1029   0.28431370 0.00050860 -0.0036773 0.96486340 3.49e-05
79633  84033  0.90240640 0.50000000 NA         NA         NA       
79633  7301   0.69327730 0.26174650 0.00378470 0.96383810 3.63e-05
79633  8085   0.29665310 0.00083640 -0.0670349 0.42143820 0.0132692
79633  353139 0.15984650 0.00000000 -0.0671678 0.42051660 0.0124339
79633  83637  0.82107840 0.41255310 NA         NA         NA       
79633  8857   0.82107840 0.41255310 NA         NA         NA       
79633  57477  0.90240640 0.50000000 NA         NA         NA       
79633  2830   0.82107840 0.41255310 NA         NA         NA       
79633  375248 0.37377450 0.00833510 -0.0471056 0.57234540 0.0063476
79633  133746 0.12165780 0.00000000 0.01303190 0.87594000 0.0004326
79633  7273   0.20897830 6.4e-06000 0.08634890 0.30004960 0.0176332
8202   6261   1.18434340 0.73082510 NA         NA         NA       
8202   8471   0.86174240 0.42375190 NA         NA         NA       
8202   165    0.48951050 0.03008070 -0.0299850 0.71938800 0.0019518
8202   713    0.33636360 0.00077060 0.08957040 0.28231040 0.0152866
8202   6708   1.44242420 0.85669090 NA         NA         NA       
8202   54502  0.51333330 0.04219810 -0.0245309 0.76883050 0.0012973
8202   11178  1.44242420 0.85669090 NA         NA         NA       
8202   7157   0.04878790 0.00000000 -0.0795716 0.33972040 0.01248
8202   120114 1.30165290 0.79835600 NA         NA         NA       
8202   4089   0.37784090 0.00293680 0.05237940 0.53007350 0.0053669
8202   2196   1.44242420 0.85669090 NA         NA         NA       
8202   53353  1.18434340 0.73082510 NA         NA         NA       
8202   1029   0.41010100 0.00673070 0.06467010 0.43804020 0.0080286
8202   84033  1.30165290 0.79835600 NA         NA         NA       
8202   7301   1.00000000 0.57857860 NA         NA         NA       
8202   8085   0.42789970 0.00999100 -0.0455263 0.58530620 0.0046001
8202   353139 0.23056650 2.4e-06000 0.07957160 0.33972040 0.012482
8202   83637  1.18434340 0.73082510 NA         NA         NA       
8202   8857   1.18434340 0.73082510 NA         NA         NA       
8202   57477  1.30165290 0.79835600 NA         NA         NA       
8202   2830   1.18434340 0.73082510 NA         NA         NA       
8202   375248 0.53914140 0.05830640 -0.0189154 0.82072570 0.0007639
8202   133746 0.17548210 0.00000000 -0.0131525 0.87480150 0.0003588
8202   7273   0.30143540 0.00018170 0.07189700 0.38847640 0.0100544
6261   8471   0.72761190 0.27584420 -0.0251526 0.76314340 0.0015466
6261   165    0.41331800 0.01138800 0.12143630 0.14425780 0.0288533
6261   713    0.28400850 0.00018730 0.18244260 0.02752110 0.0654207
6261   6708   1.21791040 0.74658740 NA         NA         NA       
6261   54502  0.43343280 0.01683500 -0.0036273 0.96534100 3.02e-05
6261   11178  1.21791040 0.74658740 NA         NA         NA       
6261   7157   0.04119400 0.00000000 -0.0654483 0.43253640 0.0093567
6261   120114 1.09905020 0.66760660 NA         NA         NA       
6261   4089   0.31902990 0.00082280 -0.0982667 0.23799470 0.026502
6261   2196   1.21791040 0.74658740 NA         NA         NA       
6261   53353  1.00000000 0.58411480 NA         NA         NA       
6261   1029   0.34626870 0.00207930 -0.0287459 0.73052750 0.0019756
6261   84033  1.09905020 0.66760660 NA         NA         NA       
6261   7301   0.84434970 0.41881740 NA         NA         NA       
6261   8085   0.36129700 0.00324430 0.10103620 0.22496190 0.0206605
6261   353139 0.19467880 4e-0700000 -0.0419163 0.61542560 0.0041607
6261   83637  1.00000000 0.58411480 NA         NA         NA       
6261   8857   1.00000000 0.58411480 NA         NA         NA       
6261   57477  1.09905020 0.66760660 NA         NA         NA       
6261   2830   1.00000000 0.58411480 NA         NA         NA       
6261   375248 0.45522390 0.02452780 -0.0654425 0.43257700 0.0113637
6261   133746 0.14816820 0.00000000 -0.1297188 0.11863560 0.0426928
6261   7273   0.25451690 3.85e-0500 0.16349430 0.04863050 0.0540895
8471   165    0.56804730 0.06634660 0.00863600 0.91760230 0.00014
8471   713    0.39032970 0.00258530 0.11116290 0.18161950 0.0214674
8471   6708   1.67384620 0.92539450 NA         NA         NA       
8471   54502  0.59569230 0.08864050 0.07335390 0.37890990 0.0093468
8471   11178  1.67384620 0.92539450 NA         NA         NA       
8471   7157   0.05661540 0.00000000 0.04913980 0.55585440 0.0047566
8471   120114 1.51048950 0.88751090 NA         NA         NA       
8471   4089   0.43846150 0.00860460 -0.0268641 0.74755240 0.0014153
8471   2196   1.67384620 0.92539450 NA         NA         NA       
8471   53353  1.37435900 0.83978920 NA         NA         NA       
8471   1029   0.47589740 0.01797270 -0.1241438 0.13545720 0.0365587
8471   84033  1.51048950 0.88751090 NA         NA         NA       
8471   7301   1.16043960 0.71813030 NA         NA         NA       
8471   8085   0.49655170 0.02545070 0.04517080 0.58824180 0.0036946
8471   353139 0.26755850 1.27e-0500 -0.0963398 0.24736840 0.0191396
8471   83637  1.37435900 0.83978920 NA         NA         NA       
8471   8857   1.37435900 0.83978920 NA         NA         NA       
8471   57477  1.51048950 0.88751090 NA         NA         NA       
8471   2830   1.37435900 0.83978920 NA         NA         NA       
8471   375248 0.62564100 0.11660810 -0.0964406 0.24687190 0.0215073
8471   133746 0.20363640 1e-0700000 0.08926040 0.28398650 0.0147098
8471   7273   0.34979760 0.00069510 0.04175650 0.61677400 0.0032005
165    713    0.68714290 0.12467670 0.03216960 0.69989290 0.0014504
165    6708   2.94666670 0.99894360 NA         NA         NA       
165    54502  1.04866670 0.62093650 NA         NA         NA       
165    11178  2.94666670 0.99894360 NA         NA         NA       
165    7157   0.09966670 0.00000000 -0.0696863 0.40326610 0.0067607
165    120114 2.65909090 0.99781870 NA         NA         NA       
165    4089   0.77187500 0.23176190 0.05631820 0.49955980 0.0043666
165    2196   2.94666670 0.99894360 NA         NA         NA       
165    53353  2.41944440 0.99580080 NA         NA         NA       
165    1029   0.83777780 0.32795800 NA         NA         NA       
165    84033  2.65909090 0.99781870 NA         NA         NA       
165    7301   2.04285710 0.98700810 NA         NA         NA       
165    8085   0.87413790 0.38244910 NA         NA         NA       
165    353139 0.47101450 0.00480130 -0.1230070 0.13910120 0.0232001
165    83637  2.41944440 0.99580080 NA         NA         NA       
165    8857   2.41944440 0.99580080 NA         NA         NA       
165    57477  2.65909090 0.99781870 NA         NA         NA       
165    2830   2.41944440 0.99580080 NA         NA         NA       
165    375248 1.10138890 0.67924730 NA         NA         NA       
165    133746 0.35848480 0.00011360 0.04453830 0.59348190 0.0028062
165    7273   0.61578950 0.05963580 0.13190490 0.11249990 0.0233128
713    6708   4.28828830 0.99999230 NA         NA         NA       
713    54502  1.52612610 0.94468280 NA         NA         NA       
713    11178  4.28828830 0.99999230 NA         NA         NA       
713    7157   0.14504500 0.00000000 0.03548270 0.67069970 0.0015669
713    120114 3.86977890 0.99997970 NA         NA         NA       
713    4089   1.12331080 0.71103040 NA         NA         NA       
713    2196   4.28828830 0.99999230 NA         NA         NA       
713    53353  3.52102100 0.99995080 NA         NA         NA       
713    1029   1.21921920 0.80062220 NA         NA         NA       
713    84033  3.86977890 0.99997970 NA         NA         NA       
713    7301   2.97297300 0.99976140 NA         NA         NA       
713    8085   1.27213420 0.83895700 NA         NA         NA       
713    353139 0.68546810 0.09550370 0.03359030 0.68731750 0.0013756
713    83637  3.52102100 0.99995080 NA         NA         NA       
713    8857   3.52102100 0.99995080 NA         NA         NA       
713    57477  3.86977890 0.99997970 NA         NA         NA       
713    2830   3.52102100 0.99995080 NA         NA         NA       
713    375248 1.60285290 0.96013090 NA         NA         NA       
713    133746 0.52170350 0.00789820 0.12631580 0.12869900 0.019268
713    7273   0.89615930 0.39353290 NA         NA         NA       
6708   54502  0.35588240 0.00540400 0.09268850 0.26582460 0.0191413
6708   11178  1.00000000 0.59127430 NA         NA         NA       
6708   7157   0.03382350 0.00000000 -0.1079482 0.19465710 0.0278546
6708   120114 0.90240640 0.50000000 NA         NA         NA       
6708   4089   0.26194850 0.00018160 0.11852420 0.15420030 0.0316149
6708   2196   1.00000000 0.59127430 NA         NA         NA       
6708   53353  0.82107840 0.41255310 NA         NA         NA       
6708   1029   0.28431370 0.00050860 0.06343370 0.44686590 0.0094736
6708   84033  0.90240640 0.50000000 NA         NA         NA       
6708   7301   0.69327730 0.26174650 -0.0883095 0.28916790 0.0375994
6708   8085   0.29665310 0.00083640 -0.0670349 0.42143820 0.0132622
6708   353139 0.15984650 0.00000000 -0.0087958 0.91608360 0.0001999
6708   83637  0.82107840 0.41255310 NA         NA         NA       
6708   8857   0.82107840 0.41255310 NA         NA         NA       
6708   57477  0.90240640 0.50000000 NA         NA         NA       
6708   2830   0.82107840 0.41255310 NA         NA         NA       
6708   375248 0.37377450 0.00833510 0.02605840 0.75487950 0.0016609
6708   133746 0.12165780 0.00000000 -0.0988891 0.23502120 0.0271618
6708   7273   0.20897830 6.4e-06000 0.02455020 0.76865430 0.001503
54502  11178  2.80991740 0.99827700 NA         NA         NA       
54502  7157   0.09504130 0.00000000 -0.0439645 0.59825340 0.0027729
54502  120114 2.53568750 0.99654390 NA         NA         NA       
54502  4089   0.73605370 0.18790020 0.02287830 0.78400850 0.0007522
54502  2196   2.80991740 0.99827700 NA         NA         NA       
54502  53353  2.30716250 0.99353070 NA         NA         NA       
54502  1029   0.79889810 0.27482920 -0.0511630 0.53968290 0.0040132
54502  84033  2.53568750 0.99654390 NA         NA         NA       
54502  7301   1.94805190 0.98102700 NA         NA         NA       
54502  8085   0.83357080 0.32570410 NA         NA         NA       
54502  353139 0.44915560 0.00306400 0.20052110 0.01523350 0.0549936
54502  83637  2.30716250 0.99353070 NA         NA         NA       
54502  8857   2.30716250 0.99353070 NA         NA         NA       
54502  57477  2.53568750 0.99654390 NA         NA         NA       
54502  2830   2.30716250 0.99353070 NA         NA         NA       
54502  375248 1.05027550 0.62280250 NA         NA         NA       
54502  133746 0.34184820 6.25e-0500 -0.1282436 0.12292030 0.0252778
54502  7273   0.58721180 0.04364130 0.02043460 0.80659940 0.0006029
11178  7157   0.03382350 0.00000000 0.00879580 0.91608360 0.0002
11178  120114 0.90240640 0.50000000 NA         NA         NA       
11178  4089   0.26194850 0.00018160 -0.0781182 0.34864240 0.018362
11178  2196   1.00000000 0.59127430 NA         NA         NA       
11178  53353  0.82107840 0.41255310 NA         NA         NA       
11178  1029   0.28431370 0.00050860 0.13054470 0.11628770 0.0374941
11178  84033  0.90240640 0.50000000 NA         NA         NA       
11178  7301   0.69327730 0.26174650 -0.0883095 0.28916790 0.0375994
11178  8085   0.29665310 0.00083640 0.06889700 0.40862690 0.011081
11178  353139 0.15984650 0.00000000 0.10794820 0.19465710 0.0279467
11178  83637  0.82107840 0.41255310 NA         NA         NA       
11178  8857   0.82107840 0.41255310 NA         NA         NA       
11178  57477  0.90240640 0.50000000 NA         NA         NA       
11178  2830   0.82107840 0.41255310 NA         NA         NA       
11178  375248 0.37377450 0.00833510 -0.1202697 0.14818080 0.066984
11178  133746 0.12165780 0.00000000 -0.0429286 0.60691180 0.0048602
11178  7273   0.20897830 6.4e-06000 -0.0372486 0.65533550 0.0037361
7157   120114 26.6798419 0.99999990 NA         NA         NA       
7157   4089   7.74456520 0.99999990 NA         NA         NA       
7157   2196   29.5652174 0.99999990 NA         NA         NA       
7157   53353  24.2753623 0.99999990 NA         NA         NA       
7157   1029   8.40579710 0.99999990 NA         NA         NA       
7157   84033  26.6798419 0.99999990 NA         NA         NA       
7157   7301   20.4968944 0.99999990 NA         NA         NA       
7157   8085   8.77061470 0.99999990 NA         NA         NA       
7157   353139 4.72589790 0.99999990 NA         NA         NA       
7157   83637  24.2753623 0.99999990 NA         NA         NA       
7157   8857   24.2753623 0.99999990 NA         NA         NA       
7157   57477  26.6798419 0.99999990 NA         NA         NA       
7157   2830   24.2753623 0.99999990 NA         NA         NA       
7157   375248 11.0507246 0.99999990 NA         NA         NA       
7157   133746 3.59683790 0.99999990 NA         NA         NA       
7157   7273   6.17848970 0.99999990 NA         NA         NA       
120114 4089   0.29027780 0.00039940 -0.0885068 0.28808790 0.0224579
120114 2196   1.10814810 0.67425080 NA         NA         NA       
120114 53353  0.90987650 0.50000000 NA         NA         NA       
120114 1029   0.31506170 0.00106210 -0.0809403 0.33145180 0.0186732
120114 84033  1.00000000 0.58744690 NA         NA         NA       
120114 7301   0.76825400 0.33824070 NA         NA         NA       
120114 8085   0.32873560 0.00170080 0.05301420 0.52509360 0.0063111
120114 353139 0.17713370 1e-0700000 0.02984370 0.72065560 0.0021053
120114 83637  0.90987650 0.50000000 NA         NA         NA       
120114 8857   0.90987650 0.50000000 NA         NA         NA       
120114 57477  1.00000000 0.58744690 NA         NA         NA       
120114 2830   0.90987650 0.50000000 NA         NA         NA       
120114 375248 0.41419750 0.01473010 0.08344500 0.31665710 0.0148012
120114 133746 0.13481480 0.00000000 0.09940400 0.23258030 0.0230514
120114 7273   0.23157890 1.62e-0500 0.00810150 0.92268630 0.0001572
4089   2196   3.81754390 0.99995610 NA         NA         NA       
4089   53353  3.13450290 0.99975930 NA         NA         NA       
4089   1029   1.08538010 0.66603200 NA         NA         NA       
4089   84033  3.44497610 0.99989330 NA         NA         NA       
4089   7301   2.64661650 0.99898930 NA         NA         NA       
4089   8085   1.13248640 0.71750990 NA         NA         NA       
4089   353139 0.61022120 0.04258630 0.10399280 0.21161430 0.0135
4089   83637  3.13450290 0.99975930 NA         NA         NA       
4089   8857   3.13450290 0.99975930 NA         NA         NA       
4089   57477  3.44497610 0.99989330 NA         NA         NA       
4089   2830   3.13450290 0.99975930 NA         NA         NA       
4089   375248 1.42690060 0.90967970 NA         NA         NA       
4089   133746 0.46443380 0.00236330 -0.0018722 0.98210660 4.5e-06
4089   7273   0.79778390 0.24663590 -0.0124054 0.88185970 0.0001991
2196   53353  0.82107840 0.41255310 NA         NA         NA       
2196   1029   0.28431370 0.00050860 -0.0707883 0.39585220 0.01483
2196   84033  0.90240640 0.50000000 NA         NA         NA       
2196   7301   0.69327730 0.26174650 -0.0883095 0.28916790 0.0375994
2196   8085   0.29665310 0.00083640 -0.0670349 0.42143820 0.0132672
2196   353139 0.15984650 0.00000000 -0.1255398 0.13108330 0.049091
2196   83637  0.82107840 0.41255310 NA         NA         NA       
2196   8857   0.82107840 0.41255310 NA         NA         NA       
2196   57477  0.90240640 0.50000000 NA         NA         NA       
2196   2830   0.82107840 0.41255310 NA         NA         NA       
2196   375248 0.37377450 0.00833510 -0.1202697 0.14818080 0.066984
2196   133746 0.12165780 0.00000000 -0.0429286 0.60691180 0.0048622
2196   7273   0.20897830 6.4e-06000 0.02455020 0.76865430 0.0015043
53353  1029   0.34626870 0.00207930 -0.0287459 0.73052750 0.0019727
53353  84033  1.09905020 0.66760660 NA         NA         NA       
53353  7301   0.84434970 0.41881740 NA         NA         NA       
53353  8085   0.36129700 0.00324430 -0.0239747 0.77392960 0.0013619
53353  353139 0.19467880 4e-0700000 -0.0419163 0.61542560 0.004163
53353  83637  1.00000000 0.58411480 NA         NA         NA       
53353  8857   1.00000000 0.58411480 NA         NA         NA       
53353  57477  1.09905020 0.66760660 NA         NA         NA       
53353  2830   1.00000000 0.58411480 NA         NA         NA       
53353  375248 0.45522390 0.02452780 0.06912940 0.40704430 0.0098398
53353  133746 0.14816820 0.00000000 0.07613930 0.36102530 0.0128223
53353  7273   0.25451690 3.85e-0500 -0.0070069 0.93310580 0.000113
1029   84033  3.17398120 0.99969440 NA         NA         NA       
1029   7301   2.43842360 0.99750780 NA         NA         NA       
1029   8085   1.04340070 0.61456350 NA         NA         NA       
1029   353139 0.56221890 0.02251740 0.05648590 0.49828170 0.0041525
1029   83637  2.88793100 0.99934480 NA         NA         NA       
1029   8857   2.88793100 0.99934480 NA         NA         NA       
1029   57477  3.17398120 0.99969440 NA         NA         NA       
1029   2830   2.88793100 0.99934480 NA         NA         NA       
1029   375248 1.31465520 0.85433610 NA         NA         NA       
1029   133746 0.42789970 0.00094790 0.09440710 0.25702390 0.0116178
1029   7273   0.73502720 0.16624030 0.04604220 0.58105750 0.002758
84033  7301   0.76825400 0.33824070 NA         NA         NA       
84033  8085   0.32873560 0.00170080 0.18309930 0.02695860 0.0666914
84033  353139 0.17713370 1e-0700000 0.02984370 0.72065560 0.0021026
84033  83637  0.90987650 0.50000000 NA         NA         NA       
84033  8857   0.90987650 0.50000000 NA         NA         NA       
84033  57477  1.00000000 0.58744690 NA         NA         NA       
84033  2830   0.90987650 0.50000000 NA         NA         NA       
84033  375248 0.41419750 0.01473010 0.01342790 0.87220130 0.000425
84033  133746 0.13481480 0.00000000 0.04585060 0.58263380 0.0049764
84033  7273   0.23157890 1.62e-0500 0.24466400 0.00291800 0.123262
7301   8085   0.42789970 0.00999100 0.12939040 0.11957920 0.030243
7301   353139 0.23056650 2.4e-06000 -0.0205789 0.80526110 0.0008888
7301   83637  1.18434340 0.73082510 NA         NA         NA       
7301   8857   1.18434340 0.73082510 NA         NA         NA       
7301   57477  1.30165290 0.79835600 NA         NA         NA       
7301   2830   1.18434340 0.73082510 NA         NA         NA       
7301   375248 0.53914140 0.05830640 -0.1444451 0.08195240 0.0765971
7301   133746 0.17548210 0.00000000 0.08286050 0.32007080 0.0137958
7301   7273   0.30143540 0.00018170 0.07189700 0.38847640 0.0100664
8085   353139 0.53883310 0.01585260 0.03189330 0.70234770 0.0013573
8085   83637  2.76780630 0.99893790 NA         NA         NA       
8085   8857   2.76780630 0.99893790 NA         NA         NA       
8085   57477  3.04195800 0.99949140 NA         NA         NA       
8085   2830   2.76780630 0.99893790 NA         NA         NA       
8085   375248 1.25997150 0.81879280 NA         NA         NA       
8085   133746 0.41010100 0.00057950 0.14438530 0.08208030 0.0273773
8085   7273   0.70445340 0.13272930 0.17418780 0.03548930 0.0379543
353139 83637  5.13666670 0.99999990 NA         NA         NA       
353139 8857   5.13666670 0.99999990 NA         NA         NA       
353139 57477  5.64545450 0.99999990 NA         NA         NA       
353139 2830   5.13666670 0.99999990 NA         NA         NA       
353139 375248 2.33833330 0.99924710 NA         NA         NA       
353139 133746 0.76109090 0.16250270 -0.0100037 0.90461060 0.0001101
353139 7273   1.30736840 0.87772610 NA         NA         NA       
83637  8857   1.00000000 0.58411480 NA         NA         NA       
83637  57477  1.09905020 0.66760660 NA         NA         NA       
83637  2830   1.00000000 0.58411480 NA         NA         NA       
83637  375248 0.45522390 0.02452780 -0.0654425 0.43257700 0.0113393
83637  133746 0.14816820 0.00000000 0.02467480 0.76751380 0.0013723
83637  7273   0.25451690 3.85e-0500 0.04982680 0.55033650 0.0054032
8857   57477  1.09905020 0.66760660 NA         NA         NA       
8857   2830   1.00000000 0.58411480 NA         NA         NA       
8857   375248 0.45522390 0.02452780 -0.0654425 0.43257700 0.0113554
8857   133746 0.14816820 0.00000000 0.07613930 0.36102530 0.0128472
8857   7273   0.25451690 3.85e-0500 -0.0070069 0.93310580 0.0001131
57477  2830   0.90987650 0.50000000 NA         NA         NA       
57477  375248 0.41419750 0.01473010 -0.1266063 0.12781520 0.0694531
57477  133746 0.13481480 0.00000000 0.04585060 0.58263380 0.0049771
57477  7273   0.23157890 1.62e-0500 -0.0510392 0.54066570 0.0067336
2830   375248 0.45522390 0.02452780 -0.0654425 0.43257700 0.0113711
2830   133746 0.14816820 0.00000000 0.02467480 0.76751380 0.0013723
2830   7273   0.25451690 3.85e-0500 -0.0070069 0.93310580 0.000113
375248 133746 0.32548440 3.33e-0500 -0.0015673 0.98502020 3.7e-06
375248 7273   0.55910270 0.03114860 0.07385000 0.37568550 0.0078217
133746 7273   1.71775590 0.98825200 NA         NA         NA       
