Gene1  Gene2  oddsratio  pvalue     pearson    p_pval     HC
154664 727897 0.82624110 0.41395410 NA         NA         NA       
154664 94025  0.39184400 0.00981220 0.14020690 0.02822020 0.0490608
154664 56171  0.82624110 0.41395410 NA         NA         NA       
154664 2195   0.90522240 0.50000000 NA         NA         NA       
154664 7157   0.08156030 0.00000000 0.02483370 0.69891850 0.0020286
154664 6262   0.90522240 0.50000000 NA         NA         NA       
154664 6326   0.90522240 0.50000000 NA         NA         NA       
154664 338    1.00000000 0.58995150 NA         NA         NA       
154664 1767   0.75941080 0.33507880 NA         NA         NA       
154664 6261   0.82624110 0.41395410 NA         NA         NA       
154664 4036   0.90522240 0.50000000 NA         NA         NA       
154664 79026  1.00000000 0.58995150 NA         NA         NA       
154664 5925   0.39184400 0.00981220 -0.0679791 0.28922360 0.0203355
154664 54768  1.00000000 0.58995150 NA         NA         NA       
154664 64478  0.82624110 0.41395410 NA         NA         NA       
154664 84059  0.82624110 0.41395410 NA         NA         NA       
154664 120114 0.90522240 0.50000000 NA         NA         NA       
154664 27445  0.50615900 0.06217330 0.17156610 0.00710910 0.0671987
154664 53353  0.82624110 0.41395410 NA         NA         NA       
154664 84033  0.90522240 0.50000000 NA         NA         NA       
154664 7273   0.31694790 0.00113780 0.17984120 0.00474840 0.0793021
154664 7399   0.65248230 0.20603140 0.20545300 0.00122080 0.0873978
154664 23499  0.82624110 0.41395410 NA         NA         NA       
154664 546    0.23921790 2.19e-0500 -0.0293930 0.64708250 0.0030916
154664 93035  0.90522240 0.50000000 NA         NA         NA       
154664 80309  0.90522240 0.50000000 NA         NA         NA       
154664 140453 0.75941080 0.33507880 NA         NA         NA       
154664 23345  0.90522240 0.50000000 NA         NA         NA       
154664 1769   0.75941080 0.33507880 NA         NA         NA       
154664 4763   1.00000000 0.58995150 NA         NA         NA       
727897 94025  0.47424890 0.02775920 0.17969490 0.00478310 0.0707637
727897 56171  1.00000000 0.58263720 NA         NA         NA       
727897 2195   1.09559110 0.66492120 NA         NA         NA       
727897 7157   0.09871240 0.00000000 0.11497360 0.07243410 0.0393608
727897 6262   1.09559110 0.66492120 NA         NA         NA       
727897 6326   1.09559110 0.66492120 NA         NA         NA       
727897 338    1.21030040 0.74312530 NA         NA         NA       
727897 1767   0.91911520 0.50000000 NA         NA         NA       
727897 6261   1.00000000 0.58263720 NA         NA         NA       
727897 4036   1.09559110 0.66492120 NA         NA         NA       
727897 79026  1.21030040 0.74312530 NA         NA         NA       
727897 5925   0.47424890 0.02775920 -0.0111660 0.86195400 0.0004113
727897 54768  1.21030040 0.74312530 NA         NA         NA       
727897 64478  1.00000000 0.58263720 NA         NA         NA       
727897 84059  1.00000000 0.58263720 NA         NA         NA       
727897 120114 1.09559110 0.66492120 NA         NA         NA       
727897 27445  0.61260450 0.13265190 0.14632160 0.02196770 0.0471544
727897 53353  1.00000000 0.58263720 NA         NA         NA       
727897 84033  1.09559110 0.66492120 NA         NA         NA       
727897 7273   0.38360220 0.00417320 0.20955840 0.00096670 0.0967055
727897 7399   0.78969960 0.34642840 NA         NA         NA       
727897 23499  1.00000000 0.58263720 NA         NA         NA       
727897 546    0.28952560 0.00011660 -0.0428995 0.50390590 0.0066436
727897 93035  1.09559110 0.66492120 NA         NA         NA       
727897 80309  1.09559110 0.66492120 NA         NA         NA       
727897 140453 0.91911520 0.50000000 NA         NA         NA       
727897 23345  1.09559110 0.66492120 NA         NA         NA       
727897 1769   0.91911520 0.50000000 NA         NA         NA       
727897 4763   1.21030040 0.74312530 NA         NA         NA       
94025  56171  2.10859730 0.98839310 NA         NA         NA       
94025  2195   2.31016040 0.99347810 NA         NA         NA       
94025  7157   0.20814480 0.00000000 0.08017070 0.21112950 0.0126109
94025  6262   2.31016040 0.99347810 NA         NA         NA       
94025  6326   2.31016040 0.99347810 NA         NA         NA       
94025  338    2.55203620 0.99657230 NA         NA         NA       
94025  1767   1.93804390 0.98053040 NA         NA         NA       
94025  6261   2.10859730 0.98839310 NA         NA         NA       
94025  4036   2.31016040 0.99347810 NA         NA         NA       
94025  79026  2.55203620 0.99657230 NA         NA         NA       
94025  5925   1.00000000 0.56031020 NA         NA         NA       
94025  54768  2.55203620 0.99657230 NA         NA         NA       
94025  64478  2.10859730 0.98839310 NA         NA         NA       
94025  84059  2.10859730 0.98839310 NA         NA         NA       
94025  120114 2.31016040 0.99347810 NA         NA         NA       
94025  27445  1.29173610 0.83092000 NA         NA         NA       
94025  53353  2.10859730 0.98839310 NA         NA         NA       
94025  84033  2.31016040 0.99347810 NA         NA         NA       
94025  7273   0.80886250 0.28051850 0.26179520 3.33e-0500 0.1008705
94025  7399   1.66515840 0.95298430 NA         NA         NA       
94025  23499  2.10859730 0.98839310 NA         NA         NA       
94025  546    0.61049280 0.04998780 0.01439970 0.82256280 0.0004134
94025  93035  2.31016040 0.99347810 NA         NA         NA       
94025  80309  2.31016040 0.99347810 NA         NA         NA       
94025  140453 1.93804390 0.98053040 NA         NA         NA       
94025  23345  2.31016040 0.99347810 NA         NA         NA       
94025  1769   1.93804390 0.98053040 NA         NA         NA       
94025  4763   2.55203620 0.99657230 NA         NA         NA       
56171  2195   1.09559110 0.66492120 NA         NA         NA       
56171  7157   0.09871240 0.00000000 0.19465830 0.00220870 0.1120043
56171  6262   1.09559110 0.66492120 NA         NA         NA       
56171  6326   1.09559110 0.66492120 NA         NA         NA       
56171  338    1.21030040 0.74312530 NA         NA         NA       
56171  1767   0.91911520 0.50000000 NA         NA         NA       
56171  6261   1.00000000 0.58263720 NA         NA         NA       
56171  4036   1.09559110 0.66492120 NA         NA         NA       
56171  79026  1.21030040 0.74312530 NA         NA         NA       
56171  5925   0.47424890 0.02775920 -0.0111660 0.86195400 0.0004113
56171  54768  1.21030040 0.74312530 NA         NA         NA       
56171  64478  1.00000000 0.58263720 NA         NA         NA       
56171  84059  1.00000000 0.58263720 NA         NA         NA       
56171  120114 1.09559110 0.66492120 NA         NA         NA       
56171  27445  0.61260450 0.13265190 0.07561390 0.23832610 0.0144544
56171  53353  1.00000000 0.58263720 NA         NA         NA       
56171  84033  1.09559110 0.66492120 NA         NA         NA       
56171  7273   0.38360220 0.00417320 0.09247330 0.14898430 0.0220496
56171  7399   0.78969960 0.34642840 NA         NA         NA       
56171  23499  1.00000000 0.58263720 NA         NA         NA       
56171  546    0.28952560 0.00011660 -0.0957154 0.13518780 0.0542775
56171  93035  1.09559110 0.66492120 NA         NA         NA       
56171  80309  1.09559110 0.66492120 NA         NA         NA       
56171  140453 0.91911520 0.50000000 NA         NA         NA       
56171  23345  1.09559110 0.66492120 NA         NA         NA       
56171  1769   0.91911520 0.50000000 NA         NA         NA       
56171  4763   1.21030040 0.74312530 NA         NA         NA       
2195   7157   0.09009970 0.00000000 -0.0320335 0.61780190 0.0034814
2195   6262   1.00000000 0.58604590 NA         NA         NA       
2195   6326   1.00000000 0.58604590 NA         NA         NA       
2195   338    1.10470090 0.67172560 NA         NA         NA       
2195   1767   0.83892180 0.41736280 NA         NA         NA       
2195   6261   0.91274930 0.50000000 NA         NA         NA       
2195   4036   1.00000000 0.58604590 NA         NA         NA       
2195   79026  1.10470090 0.67172560 NA         NA         NA       
2195   5925   0.43287040 0.01699100 -0.0714493 0.26525200 0.023621
2195   54768  1.10470090 0.67172560 NA         NA         NA       
2195   64478  0.91274930 0.50000000 NA         NA         NA       
2195   84059  0.91274930 0.50000000 NA         NA         NA       
2195   120114 1.00000000 0.58604590 NA         NA         NA       
2195   27445  0.55915430 0.09319740 0.08452220 0.18731050 0.0183752
2195   53353  0.91274930 0.50000000 NA         NA         NA       
2195   84033  1.00000000 0.58604590 NA         NA         NA       
2195   7273   0.35013260 0.00224830 0.10360080 0.10573330 0.0281979
2195   7399   0.72079770 0.27312120 0.02684580 0.67585240 0.0021217
2195   23499  0.91274930 0.50000000 NA         NA         NA       
2195   546    0.26426430 5.23e-0500 0.01864840 0.77149040 0.0010928
2195   93035  1.00000000 0.58604590 NA         NA         NA       
2195   80309  1.00000000 0.58604590 NA         NA         NA       
2195   140453 0.83892180 0.41736280 NA         NA         NA       
2195   23345  1.00000000 0.58604590 NA         NA         NA       
2195   1769   0.83892180 0.41736280 NA         NA         NA       
2195   4763   1.10470090 0.67172560 NA         NA         NA       
7157   6262   11.0988142 0.99999990 NA         NA         NA       
7157   6326   11.0988142 0.99999990 NA         NA         NA       
7157   338    12.2608696 0.99999990 NA         NA         NA       
7157   1767   9.31103680 0.99999990 NA         NA         NA       
7157   6261   10.1304348 0.99999990 NA         NA         NA       
7157   4036   11.0988142 0.99999990 NA         NA         NA       
7157   79026  12.2608696 0.99999990 NA         NA         NA       
7157   5925   4.80434780 0.99999990 NA         NA         NA       
7157   54768  12.2608696 0.99999990 NA         NA         NA       
7157   64478  10.1304348 0.99999990 NA         NA         NA       
7157   84059  10.1304348 0.99999990 NA         NA         NA       
7157   120114 11.0988142 0.99999990 NA         NA         NA       
7157   27445  6.20594970 0.99999990 NA         NA         NA       
7157   53353  10.1304348 0.99999990 NA         NA         NA       
7157   84033  11.0988142 0.99999990 NA         NA         NA       
7157   7273   3.88605700 0.99999990 NA         NA         NA       
7157   7399   8.00000000 0.99999990 NA         NA         NA       
7157   23499  10.1304348 0.99999990 NA         NA         NA       
7157   546    2.93302000 0.99999980 NA         NA         NA       
7157   93035  11.0988142 0.99999990 NA         NA         NA       
7157   80309  11.0988142 0.99999990 NA         NA         NA       
7157   140453 9.31103680 0.99999990 NA         NA         NA       
7157   23345  11.0988142 0.99999990 NA         NA         NA       
7157   1769   9.31103680 0.99999990 NA         NA         NA       
7157   4763   12.2608696 0.99999990 NA         NA         NA       
6262   6326   1.00000000 0.58604590 NA         NA         NA       
6262   338    1.10470090 0.67172560 NA         NA         NA       
6262   1767   0.83892180 0.41736280 NA         NA         NA       
6262   6261   0.91274930 0.50000000 NA         NA         NA       
6262   4036   1.00000000 0.58604590 NA         NA         NA       
6262   79026  1.10470090 0.67172560 NA         NA         NA       
6262   5925   0.43287040 0.01699100 0.26008620 3.77e-0500 0.140299
6262   54768  1.10470090 0.67172560 NA         NA         NA       
6262   64478  0.91274930 0.50000000 NA         NA         NA       
6262   84059  0.91274930 0.50000000 NA         NA         NA       
6262   120114 1.00000000 0.58604590 NA         NA         NA       
6262   27445  0.55915430 0.09319740 0.08452220 0.18731050 0.0183758
6262   53353  0.91274930 0.50000000 NA         NA         NA       
6262   84033  1.00000000 0.58604590 NA         NA         NA       
6262   7273   0.35013260 0.00224830 0.16461570 0.00984860 0.0653175
6262   7399   0.72079770 0.27312120 0.10906100 0.08848770 0.0280723
6262   23499  0.91274930 0.50000000 NA         NA         NA       
6262   546    0.26426430 5.23e-0500 -0.0914445 0.15357860 0.0379296
6262   93035  1.00000000 0.58604590 NA         NA         NA       
6262   80309  1.00000000 0.58604590 NA         NA         NA       
6262   140453 0.83892180 0.41736280 NA         NA         NA       
6262   23345  1.00000000 0.58604590 NA         NA         NA       
6262   1769   0.83892180 0.41736280 NA         NA         NA       
6262   4763   1.10470090 0.67172560 NA         NA         NA       
6326   338    1.10470090 0.67172560 NA         NA         NA       
6326   1767   0.83892180 0.41736280 NA         NA         NA       
6326   6261   0.91274930 0.50000000 NA         NA         NA       
6326   4036   1.00000000 0.58604590 NA         NA         NA       
6326   79026  1.10470090 0.67172560 NA         NA         NA       
6326   5925   0.43287040 0.01699100 -0.0051422 0.93617620 8.87e-05
6326   54768  1.10470090 0.67172560 NA         NA         NA       
6326   64478  0.91274930 0.50000000 NA         NA         NA       
6326   84059  0.91274930 0.50000000 NA         NA         NA       
6326   120114 1.00000000 0.58604590 NA         NA         NA       
6326   27445  0.55915430 0.09319740 0.01082850 0.86608720 0.0003693
6326   53353  0.91274930 0.50000000 NA         NA         NA       
6326   84033  1.00000000 0.58604590 NA         NA         NA       
6326   7273   0.35013260 0.00224830 -0.0184290 0.77410580 0.0011837
6326   7399   0.72079770 0.27312120 0.10906100 0.08848770 0.0280713
6326   23499  0.91274930 0.50000000 NA         NA         NA       
6326   546    0.26426430 5.23e-0500 0.01864840 0.77149040 0.001093
6326   93035  1.00000000 0.58604590 NA         NA         NA       
6326   80309  1.00000000 0.58604590 NA         NA         NA       
6326   140453 0.83892180 0.41736280 NA         NA         NA       
6326   23345  1.00000000 0.58604590 NA         NA         NA       
6326   1769   0.83892180 0.41736280 NA         NA         NA       
6326   4763   1.10470090 0.67172560 NA         NA         NA       
338    1767   0.75941080 0.33507880 NA         NA         NA       
338    6261   0.82624110 0.41395410 NA         NA         NA       
338    4036   0.90522240 0.50000000 NA         NA         NA       
338    79026  1.00000000 0.58995150 NA         NA         NA       
338    5925   0.39184400 0.00981220 -0.0679791 0.28922360 0.0203355
338    54768  1.00000000 0.58995150 NA         NA         NA       
338    64478  0.82624110 0.41395410 NA         NA         NA       
338    84059  0.82624110 0.41395410 NA         NA         NA       
338    120114 0.90522240 0.50000000 NA         NA         NA       
338    27445  0.50615900 0.06217330 0.17156610 0.00710910 0.0671996
338    53353  0.82624110 0.41395410 NA         NA         NA       
338    84033  0.90522240 0.50000000 NA         NA         NA       
338    7273   0.31694790 0.00113780 0.11598460 0.06994260 0.0358807
338    7399   0.65248230 0.20603140 0.20545300 0.00122080 0.0874002
338    23499  0.82624110 0.41395410 NA         NA         NA       
338    546    0.23921790 2.19e-0500 0.08582750 0.18056600 0.0212889
338    93035  0.90522240 0.50000000 NA         NA         NA       
338    80309  0.90522240 0.50000000 NA         NA         NA       
338    140453 0.75941080 0.33507880 NA         NA         NA       
338    23345  0.90522240 0.50000000 NA         NA         NA       
338    1769   0.75941080 0.33507880 NA         NA         NA       
338    4763   1.00000000 0.58995150 NA         NA         NA       
1767   6261   1.08800290 0.65891770 NA         NA         NA       
1767   4036   1.19200630 0.73454620 NA         NA         NA       
1767   79026  1.31681030 0.80328230 NA         NA         NA       
1767   5925   0.51598420 0.04306310 -0.0167516 0.79418350 0.000908
1767   54768  1.31681030 0.80328230 NA         NA         NA       
1767   64478  1.08800290 0.65891770 NA         NA         NA       
1767   84059  1.08800290 0.65891770 NA         NA         NA       
1767   120114 1.19200630 0.73454620 NA         NA         NA       
1767   27445  0.66651540 0.18041130 0.06752420 0.29247020 0.011293
1767   53353  1.08800290 0.65891770 NA         NA         NA       
1767   84033  1.19200630 0.73454620 NA         NA         NA       
1767   7273   0.41736030 0.00732350 0.19509870 0.00215720 0.0818413
1767   7399   0.85919540 0.42304840 NA         NA         NA       
1767   23499  1.08800290 0.65891770 NA         NA         NA       
1767   546    0.31500470 0.00024460 -0.0998382 0.11908630 0.0557571
1767   93035  1.19200630 0.73454620 NA         NA         NA       
1767   80309  1.19200630 0.73454620 NA         NA         NA       
1767   140453 1.00000000 0.57962970 NA         NA         NA       
1767   23345  1.19200630 0.73454620 NA         NA         NA       
1767   1769   1.00000000 0.57962970 NA         NA         NA       
1767   4763   1.31681030 0.80328230 NA         NA         NA       
6261   4036   1.09559110 0.66492120 NA         NA         NA       
6261   79026  1.21030040 0.74312530 NA         NA         NA       
6261   5925   0.47424890 0.02775920 0.11607460 0.06972410 0.0324786
6261   54768  1.21030040 0.74312530 NA         NA         NA       
6261   64478  1.00000000 0.58263720 NA         NA         NA       
6261   84059  1.00000000 0.58263720 NA         NA         NA       
6261   120114 1.09559110 0.66492120 NA         NA         NA       
6261   27445  0.61260450 0.13265190 0.21702920 0.00062500 0.0934753
6261   53353  1.00000000 0.58263720 NA         NA         NA       
6261   84033  1.09559110 0.66492120 NA         NA         NA       
6261   7273   0.38360220 0.00417320 0.15101590 0.01801720 0.0538735
6261   7399   0.78969960 0.34642840 NA         NA         NA       
6261   23499  1.00000000 0.58263720 NA         NA         NA       
6261   546    0.28952560 0.00011660 0.11554830 0.07100900 0.0344586
6261   93035  1.09559110 0.66492120 NA         NA         NA       
6261   80309  1.09559110 0.66492120 NA         NA         NA       
6261   140453 0.91911520 0.50000000 NA         NA         NA       
6261   23345  1.09559110 0.66492120 NA         NA         NA       
6261   1769   0.91911520 0.50000000 NA         NA         NA       
6261   4763   1.21030040 0.74312530 NA         NA         NA       
4036   79026  1.10470090 0.67172560 NA         NA         NA       
4036   5925   0.43287040 0.01699100 0.06116490 0.34039790 0.0103986
4036   54768  1.10470090 0.67172560 NA         NA         NA       
4036   64478  0.91274930 0.50000000 NA         NA         NA       
4036   84059  0.91274930 0.50000000 NA         NA         NA       
4036   120114 1.00000000 0.58604590 NA         NA         NA       
4036   27445  0.55915430 0.09319740 0.08452220 0.18731050 0.0183749
4036   53353  0.91274930 0.50000000 NA         NA         NA       
4036   84033  1.00000000 0.58604590 NA         NA         NA       
4036   7273   0.35013260 0.00224830 -0.0184290 0.77410580 0.0011837
4036   7399   0.72079770 0.27312120 0.10906100 0.08848770 0.0280731
4036   23499  0.91274930 0.50000000 NA         NA         NA       
4036   546    0.26426430 5.23e-0500 0.01864840 0.77149040 0.0010934
4036   93035  1.00000000 0.58604590 NA         NA         NA       
4036   80309  1.00000000 0.58604590 NA         NA         NA       
4036   140453 0.83892180 0.41736280 NA         NA         NA       
4036   23345  1.00000000 0.58604590 NA         NA         NA       
4036   1769   0.83892180 0.41736280 NA         NA         NA       
4036   4763   1.10470090 0.67172560 NA         NA         NA       
79026  5925   0.39184400 0.00981220 0.00141620 0.98240470 6.7e-06
79026  54768  1.00000000 0.58995150 NA         NA         NA       
79026  64478  0.82624110 0.41395410 NA         NA         NA       
79026  84059  0.82624110 0.41395410 NA         NA         NA       
79026  120114 0.90522240 0.50000000 NA         NA         NA       
79026  27445  0.50615900 0.06217330 0.09444010 0.14049300 0.0232656
79026  53353  0.82624110 0.41395410 NA         NA         NA       
79026  84033  0.90522240 0.50000000 NA         NA         NA       
79026  7273   0.31694790 0.00113780 0.11598460 0.06994260 0.0358817
79026  7399   0.65248230 0.20603140 0.11940860 0.06201850 0.0341668
79026  23499  0.82624110 0.41395410 NA         NA         NA       
79026  546    0.23921790 2.19e-0500 0.02821730 0.66030020 0.0025201
79026  93035  0.90522240 0.50000000 NA         NA         NA       
79026  80309  0.90522240 0.50000000 NA         NA         NA       
79026  140453 0.75941080 0.33507880 NA         NA         NA       
79026  23345  0.90522240 0.50000000 NA         NA         NA       
79026  1769   0.75941080 0.33507880 NA         NA         NA       
79026  4763   1.00000000 0.58995150 NA         NA         NA       
5925   54768  2.55203620 0.99657230 NA         NA         NA       
5925   64478  2.10859730 0.98839310 NA         NA         NA       
5925   84059  2.10859730 0.98839310 NA         NA         NA       
5925   120114 2.31016040 0.99347810 NA         NA         NA       
5925   27445  1.29173610 0.83092000 NA         NA         NA       
5925   53353  2.10859730 0.98839310 NA         NA         NA       
5925   84033  2.31016040 0.99347810 NA         NA         NA       
5925   7273   0.80886250 0.28051850 0.04927090 0.44264500 0.0045207
5925   7399   1.66515840 0.95298430 NA         NA         NA       
5925   23499  2.10859730 0.98839310 NA         NA         NA       
5925   546    0.61049280 0.04998780 -0.0622944 0.33153930 0.0090275
5925   93035  2.31016040 0.99347810 NA         NA         NA       
5925   80309  2.31016040 0.99347810 NA         NA         NA       
5925   140453 1.93804390 0.98053040 NA         NA         NA       
5925   23345  2.31016040 0.99347810 NA         NA         NA       
5925   1769   1.93804390 0.98053040 NA         NA         NA       
5925   4763   2.55203620 0.99657230 NA         NA         NA       
54768  64478  0.82624110 0.41395410 NA         NA         NA       
54768  84059  0.82624110 0.41395410 NA         NA         NA       
54768  120114 0.90522240 0.50000000 NA         NA         NA       
54768  27445  0.50615900 0.06217330 0.09444010 0.14049300 0.0232658
54768  53353  0.82624110 0.41395410 NA         NA         NA       
54768  84033  0.90522240 0.50000000 NA         NA         NA       
54768  7273   0.31694790 0.00113780 0.11598460 0.06994260 0.0358806
54768  7399   0.65248230 0.20603140 0.11940860 0.06201850 0.0341666
54768  23499  0.82624110 0.41395410 NA         NA         NA       
54768  546    0.23921790 2.19e-0500 -0.0870032 0.17464570 0.032751
54768  93035  0.90522240 0.50000000 NA         NA         NA       
54768  80309  0.90522240 0.50000000 NA         NA         NA       
54768  140453 0.75941080 0.33507880 NA         NA         NA       
54768  23345  0.90522240 0.50000000 NA         NA         NA       
54768  1769   0.75941080 0.33507880 NA         NA         NA       
54768  4763   1.00000000 0.58995150 NA         NA         NA       
64478  84059  1.00000000 0.58263720 NA         NA         NA       
64478  120114 1.09559110 0.66492120 NA         NA         NA       
64478  27445  0.61260450 0.13265190 0.14632160 0.02196770 0.0471561
64478  53353  1.00000000 0.58263720 NA         NA         NA       
64478  84033  1.09559110 0.66492120 NA         NA         NA       
64478  7273   0.38360220 0.00417320 0.15101590 0.01801720 0.0538701
64478  7399   0.78969960 0.34642840 NA         NA         NA       
64478  23499  1.00000000 0.58263720 NA         NA         NA       
64478  546    0.28952560 0.00011660 -0.0428995 0.50390590 0.0066471
64478  93035  1.09559110 0.66492120 NA         NA         NA       
64478  80309  1.09559110 0.66492120 NA         NA         NA       
64478  140453 0.91911520 0.50000000 NA         NA         NA       
64478  23345  1.09559110 0.66492120 NA         NA         NA       
64478  1769   0.91911520 0.50000000 NA         NA         NA       
64478  4763   1.21030040 0.74312530 NA         NA         NA       
84059  120114 1.09559110 0.66492120 NA         NA         NA       
84059  27445  0.61260450 0.13265190 0.21702920 0.00062500 0.093474
84059  53353  1.00000000 0.58263720 NA         NA         NA       
84059  84033  1.09559110 0.66492120 NA         NA         NA       
84059  7273   0.38360220 0.00417320 0.15101590 0.01801720 0.0538698
84059  7399   0.78969960 0.34642840 NA         NA         NA       
84059  23499  1.00000000 0.58263720 NA         NA         NA       
84059  546    0.28952560 0.00011660 -0.0957154 0.13518780 0.0542775
84059  93035  1.09559110 0.66492120 NA         NA         NA       
84059  80309  1.09559110 0.66492120 NA         NA         NA       
84059  140453 0.91911520 0.50000000 NA         NA         NA       
84059  23345  1.09559110 0.66492120 NA         NA         NA       
84059  1769   0.91911520 0.50000000 NA         NA         NA       
84059  4763   1.21030040 0.74312530 NA         NA         NA       
120114 27445  0.55915430 0.09319740 0.15821600 0.01315870 0.0562078
120114 53353  0.91274930 0.50000000 NA         NA         NA       
120114 84033  1.00000000 0.58604590 NA         NA         NA       
120114 7273   0.35013260 0.00224830 0.22563060 0.00037140 0.1145235
120114 7399   0.72079770 0.27312120 0.10906100 0.08848770 0.0280719
120114 23499  0.91274930 0.50000000 NA         NA         NA       
120114 546    0.26426430 5.23e-0500 -0.0363981 0.57071820 0.0048056
120114 93035  1.00000000 0.58604590 NA         NA         NA       
120114 80309  1.00000000 0.58604590 NA         NA         NA       
120114 140453 0.83892180 0.41736280 NA         NA         NA       
120114 23345  1.00000000 0.58604590 NA         NA         NA       
120114 1769   0.83892180 0.41736280 NA         NA         NA       
120114 4763   1.10470090 0.67172560 NA         NA         NA       
27445  53353  1.63237460 0.93172130 NA         NA         NA       
27445  84033  1.78841510 0.95578800 NA         NA         NA       
27445  7273   0.62618250 0.08543670 0.17719790 0.00541170 0.0561385
27445  7399   1.28908550 0.81283810 NA         NA         NA       
27445  23499  1.63237460 0.93172130 NA         NA         NA       
27445  546    0.47261420 0.00759360 -0.0370524 0.56380860 0.0035434
27445  93035  1.78841510 0.95578800 NA         NA         NA       
27445  80309  1.78841510 0.95578800 NA         NA         NA       
27445  140453 1.50034040 0.90002550 NA         NA         NA       
27445  23345  1.78841510 0.95578800 NA         NA         NA       
27445  1769   1.50034040 0.90002550 NA         NA         NA       
27445  4763   1.97566370 0.97306150 NA         NA         NA       
53353  84033  1.09559110 0.66492120 NA         NA         NA       
53353  7273   0.38360220 0.00417320 0.26810100 2.11e-0500 0.1494128
53353  7399   0.78969960 0.34642840 NA         NA         NA       
53353  23499  1.00000000 0.58263720 NA         NA         NA       
53353  546    0.28952560 0.00011660 -0.0957154 0.13518780 0.0542775
53353  93035  1.09559110 0.66492120 NA         NA         NA       
53353  80309  1.09559110 0.66492120 NA         NA         NA       
53353  140453 0.91911520 0.50000000 NA         NA         NA       
53353  23345  1.09559110 0.66492120 NA         NA         NA       
53353  1769   0.91911520 0.50000000 NA         NA         NA       
53353  4763   1.21030040 0.74312530 NA         NA         NA       
84033  7273   0.35013260 0.00224830 0.04258590 0.50703140 0.0053364
84033  7399   0.72079770 0.27312120 0.10906100 0.08848770 0.0280722
84033  23499  0.91274930 0.50000000 NA         NA         NA       
84033  546    0.26426430 5.23e-0500 0.07369480 0.25048560 0.0154302
84033  93035  1.00000000 0.58604590 NA         NA         NA       
84033  80309  1.00000000 0.58604590 NA         NA         NA       
84033  140453 0.83892180 0.41736280 NA         NA         NA       
84033  23345  1.00000000 0.58604590 NA         NA         NA       
84033  1769   0.83892180 0.41736280 NA         NA         NA       
84033  4763   1.10470090 0.67172560 NA         NA         NA       
7273   7399   2.05864200 0.99153250 NA         NA         NA       
7273   23499  2.60686730 0.99854820 NA         NA         NA       
7273   546    0.75475480 0.17718920 -0.0839673 0.19023340 0.0150869
7273   93035  2.85606060 0.99928340 NA         NA         NA       
7273   80309  2.85606060 0.99928340 NA         NA         NA       
7273   140453 2.39601140 0.99723900 NA         NA         NA       
7273   23345  2.85606060 0.99928340 NA         NA         NA       
7273   1769   2.39601140 0.99723900 NA         NA         NA       
7273   4763   3.15509260 0.99967060 NA         NA         NA       
7399   23499  1.26630430 0.78552450 NA         NA         NA       
7399   546    0.36662750 0.00091720 0.03493260 0.58633760 0.0031543
7399   93035  1.38735180 0.84316780 NA         NA         NA       
7399   80309  1.38735180 0.84316780 NA         NA         NA       
7399   140453 1.16387960 0.71997550 NA         NA         NA       
7399   23345  1.38735180 0.84316780 NA         NA         NA       
7399   1769   1.16387960 0.71997550 NA         NA         NA       
7399   4763   1.53260870 0.89132020 NA         NA         NA       
23499  546    0.28952560 0.00011660 -0.0957154 0.13518780 0.0542775
23499  93035  1.09559110 0.66492120 NA         NA         NA       
23499  80309  1.09559110 0.66492120 NA         NA         NA       
23499  140453 0.91911520 0.50000000 NA         NA         NA       
23499  23345  1.09559110 0.66492120 NA         NA         NA       
23499  1769   0.91911520 0.50000000 NA         NA         NA       
23499  4763   1.21030040 0.74312530 NA         NA         NA       
546    93035  3.78409090 0.99998710 NA         NA         NA       
546    80309  3.78409090 0.99998710 NA         NA         NA       
546    140453 3.17455620 0.99992840 NA         NA         NA       
546    23345  3.78409090 0.99998710 NA         NA         NA       
546    1769   3.17455620 0.99992840 NA         NA         NA       
546    4763   4.18028850 0.99999510 NA         NA         NA       
93035  80309  1.00000000 0.58604590 NA         NA         NA       
93035  140453 0.83892180 0.41736280 NA         NA         NA       
93035  23345  1.00000000 0.58604590 NA         NA         NA       
93035  1769   0.83892180 0.41736280 NA         NA         NA       
93035  4763   1.10470090 0.67172560 NA         NA         NA       
80309  140453 0.83892180 0.41736280 NA         NA         NA       
80309  23345  1.00000000 0.58604590 NA         NA         NA       
80309  1769   0.83892180 0.41736280 NA         NA         NA       
80309  4763   1.10470090 0.67172560 NA         NA         NA       
140453 23345  1.19200630 0.73454620 NA         NA         NA       
140453 1769   1.00000000 0.57962970 NA         NA         NA       
140453 4763   1.31681030 0.80328230 NA         NA         NA       
23345  1769   0.83892180 0.41736280 NA         NA         NA       
23345  4763   1.10470090 0.67172560 NA         NA         NA       
1769   4763   1.31681030 0.80328230 NA         NA         NA       
