Gene1  Gene2  oddsratio  pvalue     pearson    p_pval     HC
154664 2201   1.09348200 0.66325160 NA         NA         NA       
154664 2475   0.38301890 0.00325760 0.00965420 0.84068950 0.0003679
154664 10075  1.20566040 0.74096190 NA         NA         NA       
154664 114788 1.00000000 0.58172190 NA         NA         NA       
154664 8085   1.20566040 0.74096190 NA         NA         NA       
154664 55193  0.06589370 0.00000000 -0.0185159 0.69983260 0.0014323
154664 6261   1.09348200 0.66325160 NA         NA         NA       
154664 83872  0.69755830 0.22528280 0.11096130 0.02047930 0.0336584
154664 6263   1.20566040 0.74096190 NA         NA         NA       
154664 667    0.74292450 0.28260710 -0.0328355 0.49407580 0.0056391
154664 4036   0.92089990 0.50000000 NA         NA         NA       
154664 472    1.00000000 0.58172190 NA         NA         NA       
154664 5728   0.79433960 0.34827630 NA         NA         NA       
154664 1770   0.85309970 0.42132840 NA         NA         NA       
154664 8314   0.53259010 0.05708090 0.02526640 0.59878580 0.0023481
154664 2312   1.20566040 0.74096190 NA         NA         NA       
154664 84059  0.85309970 0.42132840 NA         NA         NA       
154664 27445  0.92089990 0.50000000 NA         NA         NA       
154664 53353  1.00000000 0.58172190 NA         NA         NA       
154664 8289   1.20566040 0.74096190 NA         NA         NA       
154664 23013  0.92089990 0.50000000 NA         NA         NA       
154664 23499  1.09348200 0.66325160 NA         NA         NA       
154664 10142  1.09348200 0.66325160 NA         NA         NA       
154664 93035  1.20566040 0.74096190 NA         NA         NA       
154664 131873 1.09348200 0.66325160 NA         NA         NA       
154664 23345  0.69755830 0.22528280 -0.0338864 0.48035000 0.0060026
154664 7428   0.02856270 0.00000000 -0.1113839 0.02000090 0.052245
154664 288    1.00000000 0.58172190 NA         NA         NA       
154664 94025  0.31446540 0.00025370 -0.0504695 0.29303870 0.0131726
154664 113146 0.74292450 0.28260710 0.11629220 0.01511840 0.0360919
154664 29072  0.25214410 5.6e-06000 0.03672110 0.44438140 0.004996
154664 129446 0.92089990 0.50000000 NA         NA         NA       
154664 4703   1.20566040 0.74096190 NA         NA         NA       
154664 58508  0.74292450 0.28260710 -0.0328355 0.49407580 0.0056391
154664 6708   1.09348200 0.66325160 NA         NA         NA       
154664 64478  1.00000000 0.58172190 NA         NA         NA       
154664 146754 1.00000000 0.58172190 NA         NA         NA       
154664 6597   1.20566040 0.74096190 NA         NA         NA       
154664 7273   0.17398700 0.00000000 0.09380510 0.05030010 0.0302027
154664 7399   0.79433960 0.34827630 NA         NA         NA       
154664 8242   0.44629900 0.01489930 0.01683720 0.72589870 0.0010851
154664 9947   1.00000000 0.58172190 NA         NA         NA       
154664 5290   1.20566040 0.74096190 NA         NA         NA       
2201   2475   0.35027450 0.00174290 -0.0437320 0.36231340 0.0097476
2201   10075  1.10258820 0.67014950 NA         NA         NA       
2201   114788 0.91450980 0.50000000 NA         NA         NA       
2201   8085   1.10258820 0.67014950 NA         NA         NA       
2201   55193  0.06026040 0.00000000 -0.0097314 0.83943280 0.0003957
2201   6261   1.00000000 0.58517470 NA         NA         NA       
2201   83872  0.63792390 0.16849930 -0.0324055 0.49975050 0.0053873
2201   6263   1.10258820 0.67014950 NA         NA         NA       
2201   667    0.67941180 0.21740260 -0.0314005 0.51314940 0.0050608
2201   4036   0.84217190 0.41827810 NA         NA         NA       
2201   472    0.91450980 0.50000000 NA         NA         NA       
2201   5728   0.72643140 0.27556870 -0.0303673 0.52711650 0.0047355
2201   1770   0.78016810 0.34284240 NA         NA         NA       
2201   8314   0.48705880 0.03723210 -0.0370863 0.43986180 0.0070386
2201   2312   1.10258820 0.67014950 NA         NA         NA       
2201   84059  0.78016810 0.34284240 NA         NA         NA       
2201   27445  0.84217190 0.41827810 NA         NA         NA       
2201   53353  0.91450980 0.50000000 NA         NA         NA       
2201   8289   1.10258820 0.67014950 NA         NA         NA       
2201   23013  0.84217190 0.41827810 NA         NA         NA       
2201   23499  1.00000000 0.58517470 NA         NA         NA       
2201   10142  1.00000000 0.58517470 NA         NA         NA       
2201   93035  1.10258820 0.67014950 NA         NA         NA       
2201   131873 1.00000000 0.58517470 NA         NA         NA       
2201   23345  0.63792390 0.16849930 -0.0324055 0.49975050 0.0053873
2201   7428   0.02612090 0.00000000 0.01536360 0.74904480 0.0009771
2201   288    0.91450980 0.50000000 NA         NA         NA       
2201   94025  0.28758170 0.00011900 0.00487510 0.91915000 9.68e-05
2201   113146 0.67941180 0.21740260 -0.0314005 0.51314940 0.0050608
2201   29072  0.23058820 2.3e-06000 0.09176290 0.05554280 0.0283152
2201   129446 0.84217190 0.41827810 NA         NA         NA       
2201   4703   1.10258820 0.67014950 NA         NA         NA       
2201   58508  0.67941180 0.21740260 -0.0314005 0.51314940 0.0050608
2201   6708   1.00000000 0.58517470 NA         NA         NA       
2201   64478  0.91450980 0.50000000 NA         NA         NA       
2201   146754 0.91450980 0.50000000 NA         NA         NA       
2201   6597   1.10258820 0.67014950 NA         NA         NA       
2201   7273   0.15911280 0.00000000 0.06159820 0.19923460 0.0139306
2201   7399   0.72643140 0.27556870 -0.0303673 0.52711650 0.0047355
2201   8242   0.40814480 0.00877150 0.08300960 0.08339760 0.02207
2201   9947   0.91450980 0.50000000 NA         NA         NA       
2201   5290   1.10258820 0.67014950 NA         NA         NA       
2475   10075  3.14778330 0.99974470 NA         NA         NA       
2475   114788 2.61083740 0.99886300 NA         NA         NA       
2475   8085   3.14778330 0.99974470 NA         NA         NA       
2475   55193  0.17203780 0.00000000 0.01949210 0.68483250 0.0009593
2475   6261   2.85490370 0.99944180 NA         NA         NA       
2475   83872  1.82121120 0.98261940 NA         NA         NA       
2475   6263   3.14778330 0.99974470 NA         NA         NA       
2475   667    1.93965520 0.98893990 NA         NA         NA       
2475   4036   2.40431980 0.99782570 NA         NA         NA       
2475   472    2.61083740 0.99886300 NA         NA         NA       
2475   5728   2.07389160 0.99325320 NA         NA         NA       
2475   1770   2.22730470 0.99607080 NA         NA         NA       
2475   8314   1.39050600 0.90116220 NA         NA         NA       
2475   2312   3.14778330 0.99974470 NA         NA         NA       
2475   84059  2.22730470 0.99607080 NA         NA         NA       
2475   27445  2.40431980 0.99782570 NA         NA         NA       
2475   53353  2.61083740 0.99886300 NA         NA         NA       
2475   8289   3.14778330 0.99974470 NA         NA         NA       
2475   23013  2.40431980 0.99782570 NA         NA         NA       
2475   23499  2.85490370 0.99944180 NA         NA         NA       
2475   10142  2.85490370 0.99944180 NA         NA         NA       
2475   93035  3.14778330 0.99974470 NA         NA         NA       
2475   131873 2.85490370 0.99944180 NA         NA         NA       
2475   23345  1.82121120 0.98261940 NA         NA         NA       
2475   7428   0.07457270 0.00000000 0.01936910 0.68671550 0.0009669
2475   288    2.61083740 0.99886300 NA         NA         NA       
2475   94025  0.82101810 0.26117230 0.11598090 0.01539370 0.0263107
2475   113146 1.93965520 0.98893990 NA         NA         NA       
2475   29072  0.65830720 0.05682910 -0.0008279 0.98624690 1.8e-06
2475   129446 2.40431980 0.99782570 NA         NA         NA       
2475   4703   3.14778330 0.99974470 NA         NA         NA       
2475   58508  1.93965520 0.98893990 NA         NA         NA       
2475   6708   2.85490370 0.99944180 NA         NA         NA       
2475   64478  2.61083740 0.99886300 NA         NA         NA       
2475   146754 2.61083740 0.99886300 NA         NA         NA       
2475   6597   3.14778330 0.99974470 NA         NA         NA       
2475   7273   0.45425180 0.00040610 0.04708890 0.32660940 0.0051821
2475   7399   2.07389160 0.99325320 NA         NA         NA       
2475   8242   1.16521410 0.75496680 NA         NA         NA       
2475   9947   2.61083740 0.99886300 NA         NA         NA       
2475   5290   3.14778330 0.99974470 NA         NA         NA       
10075  114788 0.82942100 0.41482530 NA         NA         NA       
10075  8085   1.00000000 0.58912590 NA         NA         NA       
10075  55193  0.05465360 0.00000000 0.03326590 0.48842870 0.0045
10075  6261   0.90695690 0.50000000 NA         NA         NA       
10075  83872  0.57856950 0.12017120 0.04828870 0.31442050 0.0080172
10075  6263   1.00000000 0.58912590 NA         NA         NA       
10075  667    0.61619720 0.15978400 0.05158450 0.28249090 0.0089953
10075  4036   0.76381370 0.33674840 NA         NA         NA       
10075  472    0.82942100 0.41482530 NA         NA         NA       
10075  5728   0.65884190 0.20876990 0.05514100 0.25057800 0.0100888
10075  1770   0.70757880 0.26776180 0.05900200 0.21887230 0.0113158
10075  8314   0.44174140 0.02298350 0.10467220 0.02886310 0.0333386
10075  2312   1.00000000 0.58912590 NA         NA         NA       
10075  84059  0.70757880 0.26776180 -0.0279063 0.56114470 0.0039358
10075  27445  0.76381370 0.33674840 NA         NA         NA       
10075  53353  0.82942100 0.41482530 NA         NA         NA       
10075  8289   1.00000000 0.58912590 NA         NA         NA       
10075  23013  0.76381370 0.33674840 NA         NA         NA       
10075  23499  0.90695690 0.50000000 NA         NA         NA       
10075  10142  0.90695690 0.50000000 NA         NA         NA       
10075  93035  1.00000000 0.58912590 NA         NA         NA       
10075  131873 0.90695690 0.50000000 NA         NA         NA       
10075  23345  0.57856950 0.12017120 0.04828870 0.31442050 0.0080172
10075  7428   0.02369050 0.00000000 0.03134570 0.51388580 0.0041134
10075  288    0.82942100 0.41482530 NA         NA         NA       
10075  94025  0.26082420 5.23e-0500 0.00970350 0.83988720 0.0003821
10075  113146 0.61619720 0.15978400 -0.0299041 0.53344070 0.0045156
10075  29072  0.20913360 8e-0700000 -0.0004666 0.99224800 9e-07
10075  129446 0.76381370 0.33674840 NA         NA         NA       
10075  4703   1.00000000 0.58912590 NA         NA         NA       
10075  58508  0.61619720 0.15978400 -0.0299041 0.53344070 0.0045156
10075  6708   0.90695690 0.50000000 NA         NA         NA       
10075  64478  0.82942100 0.41482530 NA         NA         NA       
10075  146754 0.82942100 0.41482530 NA         NA         NA       
10075  6597   1.00000000 0.58912590 NA         NA         NA       
10075  7273   0.14430850 0.00000000 0.02654090 0.58047090 0.0027913
10075  7399   0.65884190 0.20876990 -0.0289201 0.54699990 0.0042251
10075  8242   0.37016970 0.00486680 0.02611740 0.58652840 0.0026015
10075  9947   0.82942100 0.41482530 NA         NA         NA       
10075  5290   1.00000000 0.58912590 NA         NA         NA       
114788 8085   1.20566040 0.74096190 NA         NA         NA       
114788 55193  0.06589370 0.00000000 0.07322200 0.12686550 0.0206799
114788 6261   1.09348200 0.66325160 NA         NA         NA       
114788 83872  0.69755830 0.22528280 -0.0338864 0.48035000 0.0060026
114788 6263   1.20566040 0.74096190 NA         NA         NA       
114788 667    0.74292450 0.28260710 0.04172840 0.38474230 0.0058695
114788 4036   0.92089990 0.50000000 NA         NA         NA       
114788 472    1.00000000 0.58172190 NA         NA         NA       
114788 5728   0.79433960 0.34827630 NA         NA         NA       
114788 1770   0.85309970 0.42132840 NA         NA         NA       
114788 8314   0.53259010 0.05708090 -0.0387810 0.41923450 0.0078402
114788 2312   1.20566040 0.74096190 NA         NA         NA       
114788 84059  0.85309970 0.42132840 NA         NA         NA       
114788 27445  0.92089990 0.50000000 NA         NA         NA       
114788 53353  1.00000000 0.58172190 NA         NA         NA       
114788 8289   1.20566040 0.74096190 NA         NA         NA       
114788 23013  0.92089990 0.50000000 NA         NA         NA       
114788 23499  1.09348200 0.66325160 NA         NA         NA       
114788 10142  1.09348200 0.66325160 NA         NA         NA       
114788 93035  1.20566040 0.74096190 NA         NA         NA       
114788 131873 1.09348200 0.66325160 NA         NA         NA       
114788 23345  0.69755830 0.22528280 0.03853740 0.42216340 0.0050958
114788 7428   0.02856270 0.00000000 0.00077170 0.98718050 2.4e-06
114788 288    1.00000000 0.58172190 NA         NA         NA       
114788 94025  0.31446540 0.00025370 0.00046730 0.99223690 NA        
114788 113146 0.74292450 0.28260710 -0.0328355 0.49407580 0.0056391
114788 29072  0.25214410 5.6e-06000 0.03672110 0.44438140 0.004996
114788 129446 0.92089990 0.50000000 NA         NA         NA       
114788 4703   1.20566040 0.74096190 NA         NA         NA       
114788 58508  0.74292450 0.28260710 -0.0328355 0.49407580 0.0056391
114788 6708   1.09348200 0.66325160 NA         NA         NA       
114788 64478  1.00000000 0.58172190 NA         NA         NA       
114788 146754 1.00000000 0.58172190 NA         NA         NA       
114788 6597   1.20566040 0.74096190 NA         NA         NA       
114788 7273   0.17398700 0.00000000 0.05339100 0.26595300 0.010451
114788 7399   0.79433960 0.34827630 NA         NA         NA       
114788 8242   0.44629900 0.01489930 0.01683720 0.72589870 0.0010851
114788 9947   1.00000000 0.58172190 NA         NA         NA       
114788 5290   1.20566040 0.74096190 NA         NA         NA       
8085   55193  0.05465360 0.00000000 -0.0001533 0.99745330 1e-07
8085   6261   0.90695690 0.50000000 NA         NA         NA       
8085   83872  0.57856950 0.12017120 0.04828870 0.31442050 0.0080172
8085   6263   1.00000000 0.58912590 NA         NA         NA       
8085   667    0.61619720 0.15978400 0.05158450 0.28249090 0.0089953
8085   4036   0.76381370 0.33674840 NA         NA         NA       
8085   472    0.82942100 0.41482530 NA         NA         NA       
8085   5728   0.65884190 0.20876990 -0.0289201 0.54699990 0.0042251
8085   1770   0.70757880 0.26776180 -0.0279063 0.56114470 0.0039358
8085   8314   0.44174140 0.02298350 0.03467670 0.47016610 0.0044165
8085   2312   1.00000000 0.58912590 NA         NA         NA       
8085   84059  0.70757880 0.26776180 -0.0279063 0.56114470 0.0039358
8085   27445  0.76381370 0.33674840 NA         NA         NA       
8085   53353  0.82942100 0.41482530 NA         NA         NA       
8085   8289   1.00000000 0.58912590 NA         NA         NA       
8085   23013  0.76381370 0.33674840 NA         NA         NA       
8085   23499  0.90695690 0.50000000 NA         NA         NA       
8085   10142  0.90695690 0.50000000 NA         NA         NA       
8085   93035  1.00000000 0.58912590 NA         NA         NA       
8085   131873 0.90695690 0.50000000 NA         NA         NA       
8085   23345  0.57856950 0.12017120 0.04828870 0.31442050 0.0080172
8085   7428   0.02369050 0.00000000 -0.0299401 0.53294800 0.0037544
8085   288    0.82942100 0.41482530 NA         NA         NA       
8085   94025  0.26082420 5.23e-0500 0.00970350 0.83988720 0.0003821
8085   113146 0.61619720 0.15978400 -0.0299041 0.53344070 0.0045156
8085   29072  0.20913360 8e-0700000 0.05039760 0.29372800 0.0094125
8085   129446 0.76381370 0.33674840 NA         NA         NA       
8085   4703   1.00000000 0.58912590 NA         NA         NA       
8085   58508  0.61619720 0.15978400 -0.0299041 0.53344070 0.0045156
8085   6708   0.90695690 0.50000000 NA         NA         NA       
8085   64478  0.82942100 0.41482530 NA         NA         NA       
8085   146754 0.82942100 0.41482530 NA         NA         NA       
8085   6597   1.00000000 0.58912590 NA         NA         NA       
8085   7273   0.14430850 0.00000000 -0.0176264 0.71360250 0.0013526
8085   7399   0.65884190 0.20876990 0.30732430 0.00000000 0.1874267
8085   8242   0.37016970 0.00486680 0.09081720 0.05812000 0.0264966
8085   9947   0.82942100 0.41482530 NA         NA         NA       
8085   5290   1.00000000 0.58912590 NA         NA         NA       
55193  6261   16.5946349 0.99999990 NA         NA         NA       
55193  83872  10.5861138 0.99999990 NA         NA         NA       
55193  6263   18.2970492 0.99999990 NA         NA         NA       
55193  667    11.2745902 0.99999990 NA         NA         NA       
55193  4036   13.9755359 0.99999990 NA         NA         NA       
55193  472    15.1759563 0.99999990 NA         NA         NA       
55193  5728   12.0548634 0.99999990 NA         NA         NA       
55193  1770   12.9466042 0.99999990 NA         NA         NA       
55193  8314   8.08256330 0.99999990 NA         NA         NA       
55193  2312   18.2970492 0.99999990 NA         NA         NA       
55193  84059  12.9466042 0.99999990 NA         NA         NA       
55193  27445  13.9755359 0.99999990 NA         NA         NA       
55193  53353  15.1759563 0.99999990 NA         NA         NA       
55193  8289   18.2970492 0.99999990 NA         NA         NA       
55193  23013  13.9755359 0.99999990 NA         NA         NA       
55193  23499  16.5946349 0.99999990 NA         NA         NA       
55193  10142  16.5946349 0.99999990 NA         NA         NA       
55193  93035  18.2970492 0.99999990 NA         NA         NA       
55193  131873 16.5946349 0.99999990 NA         NA         NA       
55193  23345  10.5861138 0.99999990 NA         NA         NA       
55193  7428   0.43346680 0.00000000 0.14808950 0.00193240 0.0245906
55193  288    15.1759563 0.99999990 NA         NA         NA       
55193  94025  4.77231330 0.99999990 NA         NA         NA       
55193  113146 11.2745902 0.99999990 NA         NA         NA       
55193  29072  3.82652760 0.99999990 NA         NA         NA       
55193  129446 13.9755359 0.99999990 NA         NA         NA       
55193  4703   18.2970492 0.99999990 NA         NA         NA       
55193  58508  11.2745902 0.99999990 NA         NA         NA       
55193  6708   16.5946349 0.99999990 NA         NA         NA       
55193  64478  15.1759563 0.99999990 NA         NA         NA       
55193  146754 15.1759563 0.99999990 NA         NA         NA       
55193  6597   18.2970492 0.99999990 NA         NA         NA       
55193  7273   2.64041920 0.99999990 NA         NA         NA       
55193  7399   12.0548634 0.99999990 NA         NA         NA       
55193  8242   6.77301390 0.99999990 NA         NA         NA       
55193  9947   15.1759563 0.99999990 NA         NA         NA       
55193  5290   18.2970492 0.99999990 NA         NA         NA       
6261   83872  0.63792390 0.16849930 -0.0324055 0.49975050 0.0053873
6261   6263   1.10258820 0.67014950 NA         NA         NA       
6261   667    0.67941180 0.21740260 -0.0314005 0.51314940 0.0050608
6261   4036   0.84217190 0.41827810 NA         NA         NA       
6261   472    0.91450980 0.50000000 NA         NA         NA       
6261   5728   0.72643140 0.27556870 -0.0303673 0.52711650 0.0047355
6261   1770   0.78016810 0.34284240 NA         NA         NA       
6261   8314   0.48705880 0.03723210 -0.0370863 0.43986180 0.0070386
6261   2312   1.10258820 0.67014950 NA         NA         NA       
6261   84059  0.78016810 0.34284240 NA         NA         NA       
6261   27445  0.84217190 0.41827810 NA         NA         NA       
6261   53353  0.91450980 0.50000000 NA         NA         NA       
6261   8289   1.10258820 0.67014950 NA         NA         NA       
6261   23013  0.84217190 0.41827810 NA         NA         NA       
6261   23499  1.00000000 0.58517470 NA         NA         NA       
6261   10142  1.00000000 0.58517470 NA         NA         NA       
6261   93035  1.10258820 0.67014950 NA         NA         NA       
6261   131873 1.00000000 0.58517470 NA         NA         NA       
6261   23345  0.63792390 0.16849930 0.04314960 0.36874700 0.0063956
6261   7428   0.02612090 0.00000000 0.04461480 0.35269590 0.0082644
6261   288    0.91450980 0.50000000 NA         NA         NA       
6261   94025  0.28758170 0.00011900 -0.0482640 0.31466850 0.0118356
6261   113146 0.67941180 0.21740260 -0.0314005 0.51314940 0.0050608
6261   29072  0.23058820 2.3e-06000 0.04320870 0.36809090 0.006918
6261   129446 0.84217190 0.41827810 NA         NA         NA       
6261   4703   1.10258820 0.67014950 NA         NA         NA       
6261   58508  0.67941180 0.21740260 -0.0314005 0.51314940 0.0050608
6261   6708   1.00000000 0.58517470 NA         NA         NA       
6261   64478  0.91450980 0.50000000 NA         NA         NA       
6261   146754 0.91450980 0.50000000 NA         NA         NA       
6261   6597   1.10258820 0.67014950 NA         NA         NA       
6261   7273   0.15911280 0.00000000 0.01943680 0.68567940 0.001499
6261   7399   0.72643140 0.27556870 0.13011940 0.00651340 0.0443718
6261   8242   0.40814480 0.00877150 -0.0405132 0.39874840 0.0083826
6261   9947   0.91450980 0.50000000 NA         NA         NA       
6261   5290   1.10258820 0.67014950 NA         NA         NA       
83872  6263   1.72840100 0.94185710 NA         NA         NA       
83872  667    1.06503580 0.63839540 NA         NA         NA       
83872  4036   1.32017620 0.82343750 NA         NA         NA       
83872  472    1.43357200 0.87158320 NA         NA         NA       
83872  5728   1.13874300 0.70517740 NA         NA         NA       
83872  1770   1.22297990 0.76748880 NA         NA         NA       
83872  8314   0.76350620 0.25637710 0.06182820 0.19755910 0.0109375
83872  2312   1.72840100 0.94185710 NA         NA         NA       
83872  84059  1.22297990 0.76748880 NA         NA         NA       
83872  27445  1.32017620 0.82343750 NA         NA         NA       
83872  53353  1.43357200 0.87158320 NA         NA         NA       
83872  8289   1.72840100 0.94185710 NA         NA         NA       
83872  23013  1.32017620 0.82343750 NA         NA         NA       
83872  23499  1.56758520 0.91109980 NA         NA         NA       
83872  10142  1.56758520 0.91109980 NA         NA         NA       
83872  93035  1.72840100 0.94185710 NA         NA         NA       
83872  131873 1.56758520 0.91109980 NA         NA         NA       
83872  23345  1.00000000 0.56928020 NA         NA         NA       
83872  7428   0.04094670 0.00000000 -0.0346223 0.47086280 0.0045202
83872  288    1.43357200 0.87158320 NA         NA         NA       
83872  94025  0.45080880 0.00506250 0.02567210 0.59292820 0.0022363
83872  113146 1.06503580 0.63839540 NA         NA         NA       
83872  29072  0.36146670 0.00023300 -0.0281484 0.55775140 0.0033969
83872  129446 1.32017620 0.82343750 NA         NA         NA       
83872  4703   1.72840100 0.94185710 NA         NA         NA       
83872  58508  1.06503580 0.63839540 NA         NA         NA       
83872  6708   1.56758520 0.91109980 NA         NA         NA       
83872  64478  1.43357200 0.87158320 NA         NA         NA       
83872  146754 1.43357200 0.87158320 NA         NA         NA       
83872  6597   1.72840100 0.94185710 NA         NA         NA       
83872  7273   0.24942290 1e-0700000 0.05538690 0.24846770 0.010028
83872  7399   1.13874300 0.70517740 NA         NA         NA       
83872  8242   0.63980170 0.10520960 -0.0507238 0.29060980 0.018951
83872  9947   1.43357200 0.87158320 NA         NA         NA       
83872  5290   1.72840100 0.94185710 NA         NA         NA       
6263   667    0.61619720 0.15978400 -0.0299041 0.53344070 0.0045156
6263   4036   0.76381370 0.33674840 NA         NA         NA       
6263   472    0.82942100 0.41482530 NA         NA         NA       
6263   5728   0.65884190 0.20876990 -0.0289201 0.54699990 0.0042251
6263   1770   0.70757880 0.26776180 -0.0279063 0.56114470 0.0039358
6263   8314   0.44174140 0.02298350 -0.0353188 0.46197940 0.0062823
6263   2312   1.00000000 0.58912590 NA         NA         NA       
6263   84059  0.70757880 0.26776180 -0.0279063 0.56114470 0.0039358
6263   27445  0.76381370 0.33674840 NA         NA         NA       
6263   53353  0.82942100 0.41482530 NA         NA         NA       
6263   8289   1.00000000 0.58912590 NA         NA         NA       
6263   23013  0.76381370 0.33674840 NA         NA         NA       
6263   23499  0.90695690 0.50000000 NA         NA         NA       
6263   10142  0.90695690 0.50000000 NA         NA         NA       
6263   93035  1.00000000 0.58912590 NA         NA         NA       
6263   131873 0.90695690 0.50000000 NA         NA         NA       
6263   23345  0.57856950 0.12017120 -0.0308612 0.52041640 0.0048072
6263   7428   0.02369050 0.00000000 -0.0605830 0.20675530 0.0154484
6263   288    0.82942100 0.41482530 NA         NA         NA       
6263   94025  0.26082420 5.23e-0500 0.06537080 0.17303320 0.0150727
6263   113146 0.61619720 0.15978400 -0.0299041 0.53344070 0.0045156
6263   29072  0.20913360 8e-0700000 -0.0513309 0.28486790 0.013135
6263   129446 0.76381370 0.33674840 NA         NA         NA       
6263   4703   1.00000000 0.58912590 NA         NA         NA       
6263   58508  0.61619720 0.15978400 0.05158450 0.28249090 0.0089953
6263   6708   0.90695690 0.50000000 NA         NA         NA       
6263   64478  0.82942100 0.41482530 NA         NA         NA       
6263   146754 0.82942100 0.41482530 NA         NA         NA       
6263   6597   1.00000000 0.58912590 NA         NA         NA       
6263   7273   0.14430850 0.00000000 0.02654090 0.58047090 0.0027913
6263   7399   0.65884190 0.20876990 -0.0289201 0.54699990 0.0042251
6263   8242   0.37016970 0.00486680 0.09081720 0.05812000 0.0264966
6263   9947   0.82942100 0.41482530 NA         NA         NA       
6263   5290   1.00000000 0.58912590 NA         NA         NA       
667    4036   1.23956040 0.77471720 NA         NA         NA       
667    472    1.34603170 0.83150070 NA         NA         NA       
667    5728   1.06920630 0.64241980 NA         NA         NA       
667    1770   1.14829930 0.71100600 NA         NA         NA       
667    8314   0.71688310 0.20361050 -0.0449932 0.34862360 0.0156658
667    2312   1.62285710 0.91888360 NA         NA         NA       
667    84059  1.14829930 0.71100600 NA         NA         NA       
667    27445  1.23956040 0.77471720 NA         NA         NA       
667    53353  1.34603170 0.83150070 NA         NA         NA       
667    8289   1.62285710 0.91888360 NA         NA         NA       
667    23013  1.23956040 0.77471720 NA         NA         NA       
667    23499  1.47186150 0.87982880 NA         NA         NA       
667    10142  1.47186150 0.87982880 NA         NA         NA       
667    93035  1.62285710 0.91888360 NA         NA         NA       
667    131873 1.47186150 0.87982880 NA         NA         NA       
667    23345  0.93893560 0.50000000 NA         NA         NA       
667    7428   0.03844630 0.00000000 -0.0722979 0.13174280 0.0205554
667    288    1.34603170 0.83150070 NA         NA         NA       
667    94025  0.42328040 0.00304520 -0.0142319 0.76697640 0.0008383
667    113146 1.00000000 0.57129460 NA         NA         NA       
667    29072  0.33939390 0.00012180 0.01560470 0.74524160 0.0008878
667    129446 1.23956040 0.77471720 NA         NA         NA       
667    4703   1.62285710 0.91888360 NA         NA         NA       
667    58508  1.00000000 0.57129460 NA         NA         NA       
667    6708   1.47186150 0.87982880 NA         NA         NA       
667    64478  1.34603170 0.83150070 NA         NA         NA       
667    146754 1.34603170 0.83150070 NA         NA         NA       
667    6597   1.62285710 0.91888360 NA         NA         NA       
667    7273   0.23419200 0.00000000 0.02677770 0.57709760 0.0025696
667    7399   1.06920630 0.64241980 NA         NA         NA       
667    8242   0.60073260 0.07693110 0.05387680 0.26162180 0.0089466
667    9947   1.34603170 0.83150070 NA         NA         NA       
667    5290   1.62285710 0.91888360 NA         NA         NA       
4036   472    1.08589440 0.65715760 NA         NA         NA       
4036   5728   0.86256900 0.42404840 NA         NA         NA       
4036   1770   0.92637620 0.50000000 NA         NA         NA       
4036   8314   0.57833660 0.08334680 -0.0404122 0.39992610 0.008705
4036   2312   1.30921990 0.80073900 NA         NA         NA       
4036   84059  0.92637620 0.50000000 NA         NA         NA       
4036   27445  1.00000000 0.57867160 NA         NA         NA       
4036   53353  1.08589440 0.65715760 NA         NA         NA       
4036   8289   1.30921990 0.80073900 NA         NA         NA       
4036   23013  1.00000000 0.57867160 NA         NA         NA       
4036   23499  1.18740600 0.73223820 NA         NA         NA       
4036   10142  1.18740600 0.73223820 NA         NA         NA       
4036   93035  1.30921990 0.80073900 NA         NA         NA       
4036   131873 1.18740600 0.73223820 NA         NA         NA       
4036   23345  0.75747460 0.28899400 -0.0353117 0.46206960 0.0066667
4036   7428   0.03101610 0.00000000 0.01428950 0.76605970 0.0008277
4036   288    1.08589440 0.65715760 NA         NA         NA       
4036   94025  0.34147620 0.00050960 0.04540030 0.34427540 0.0072421
4036   113146 0.80673760 0.35316020 NA         NA         NA       
4036   29072  0.27380180 1.31e-0500 -0.0587334 0.22098070 0.0181275
4036   129446 1.00000000 0.57867160 NA         NA         NA       
4036   4703   1.30921990 0.80073900 NA         NA         NA       
4036   58508  0.80673760 0.35316020 NA         NA         NA       
4036   6708   1.18740600 0.73223820 NA         NA         NA       
4036   64478  1.08589440 0.65715760 NA         NA         NA       
4036   146754 1.08589440 0.65715760 NA         NA         NA       
4036   6597   1.30921990 0.80073900 NA         NA         NA       
4036   7273   0.18893150 0.00000000 0.04591820 0.33879330 0.0077196
4036   7399   0.86256900 0.42404840 NA         NA         NA       
4036   8242   0.48463360 0.02400580 0.01279990 0.78984430 0.0006285
4036   9947   1.08589440 0.65715760 NA         NA         NA       
4036   5290   1.30921990 0.80073900 NA         NA         NA       
472    5728   0.79433960 0.34827630 NA         NA         NA       
472    1770   0.85309970 0.42132840 NA         NA         NA       
472    8314   0.53259010 0.05708090 0.02526640 0.59878580 0.0023481
472    2312   1.20566040 0.74096190 NA         NA         NA       
472    84059  0.85309970 0.42132840 NA         NA         NA       
472    27445  0.92089990 0.50000000 NA         NA         NA       
472    53353  1.00000000 0.58172190 NA         NA         NA       
472    8289   1.20566040 0.74096190 NA         NA         NA       
472    23013  0.92089990 0.50000000 NA         NA         NA       
472    23499  1.09348200 0.66325160 NA         NA         NA       
472    10142  1.09348200 0.66325160 NA         NA         NA       
472    93035  1.20566040 0.74096190 NA         NA         NA       
472    131873 1.09348200 0.66325160 NA         NA         NA       
472    23345  0.69755830 0.22528280 0.03853740 0.42216340 0.0050958
472    7428   0.02856270 0.00000000 0.05684950 0.23617430 0.0133165
472    288    1.00000000 0.58172190 NA         NA         NA       
472    94025  0.31446540 0.00025370 0.05140410 0.28418010 0.0092971
472    113146 0.74292450 0.28260710 -0.0328355 0.49407580 0.0056391
472    29072  0.25214410 5.6e-06000 0.03672110 0.44438140 0.004996
472    129446 0.92089990 0.50000000 NA         NA         NA       
472    4703   1.20566040 0.74096190 NA         NA         NA       
472    58508  0.74292450 0.28260710 0.11629220 0.01511840 0.0360916
472    6708   1.09348200 0.66325160 NA         NA         NA       
472    64478  1.00000000 0.58172190 NA         NA         NA       
472    146754 1.00000000 0.58172190 NA         NA         NA       
472    6597   1.20566040 0.74096190 NA         NA         NA       
472    7273   0.17398700 0.00000000 0.05339100 0.26595300 0.010451
472    7399   0.79433960 0.34827630 NA         NA         NA       
472    8242   0.44629900 0.01489930 -0.0423645 0.37753120 0.0093351
472    9947   1.00000000 0.58172190 NA         NA         NA       
472    5290   1.20566040 0.74096190 NA         NA         NA       
5728   1770   1.07397350 0.64683980 NA         NA         NA       
5728   8314   0.67048150 0.15673560 -0.0435127 0.36472820 0.0108539
5728   2312   1.51781470 0.88862680 NA         NA         NA       
5728   84059  1.07397350 0.64683980 NA         NA         NA       
5728   27445  1.15932760 0.71739290 NA         NA         NA       
5728   53353  1.25890740 0.78259740 NA         NA         NA       
5728   8289   1.51781470 0.88862680 NA         NA         NA       
5728   23013  1.15932760 0.71739290 NA         NA         NA       
5728   23499  1.37659250 0.84021600 NA         NA         NA       
5728   10142  1.37659250 0.84021600 NA         NA         NA       
5728   93035  1.51781470 0.88862680 NA         NA         NA       
5728   131873 1.37659250 0.84021600 NA         NA         NA       
5728   23345  0.87816120 0.42870540 NA         NA         NA       
5728   7428   0.03595780 0.00000000 -0.0620540 0.19592370 0.0154971
5728   288    1.25890740 0.78259740 NA         NA         NA       
5728   94025  0.39588280 0.00175770 0.12625790 0.00830670 0.0443456
5728   113146 0.93527320 0.50000000 NA         NA         NA       
5728   29072  0.31742600 6.09e-0500 -0.0214631 0.65492770 0.0019978
5728   129446 1.15932760 0.71739290 NA         NA         NA       
5728   4703   1.51781470 0.88862680 NA         NA         NA       
5728   58508  0.93527320 0.50000000 NA         NA         NA       
5728   6708   1.37659250 0.84021600 NA         NA         NA       
5728   64478  1.25890740 0.78259740 NA         NA         NA       
5728   146754 1.25890740 0.78259740 NA         NA         NA       
5728   6597   1.51781470 0.88862680 NA         NA         NA       
5728   7273   0.21903350 0.00000000 -0.0035777 0.94062060 5.14e-05
5728   7399   1.00000000 0.57350700 NA         NA         NA       
5728   8242   0.56184910 0.05431150 0.11188640 0.01944480 0.0338848
5728   9947   1.25890740 0.78259740 NA         NA         NA       
5728   5290   1.51781470 0.88862680 NA         NA         NA       
1770   8314   0.62429990 0.11653210 -0.0419874 0.38179620 0.00967
1770   2312   1.41327010 0.84966820 NA         NA         NA       
1770   84059  1.00000000 0.57595160 NA         NA         NA       
1770   27445  1.07947500 0.65172370 NA         NA         NA       
1770   53353  1.17219590 0.72443130 NA         NA         NA       
1770   8289   1.41327010 0.84966820 NA         NA         NA       
1770   23013  1.07947500 0.65172370 NA         NA         NA       
1770   23499  1.28177510 0.79123010 NA         NA         NA       
1770   10142  1.28177510 0.79123010 NA         NA         NA       
1770   93035  1.41327010 0.84966820 NA         NA         NA       
1770   131873 1.28177510 0.79123010 NA         NA         NA       
1770   23345  0.81767490 0.35758020 NA         NA         NA       
1770   7428   0.03348110 0.00000000 0.05287640 0.27059560 0.0112854
1770   288    1.17219590 0.72443130 NA         NA         NA       
1770   94025  0.36861510 0.00096990 0.03989760 0.40595960 0.0055861
1770   113146 0.87085310 0.42649300 NA         NA         NA       
1770   29072  0.29556230 2.9e-05000 0.11174280 0.01960240 0.0379134
1770   129446 1.07947500 0.65172370 NA         NA         NA       
1770   4703   1.41327010 0.84966820 NA         NA         NA       
1770   58508  0.87085310 0.42649300 NA         NA         NA       
1770   6708   1.28177510 0.79123010 NA         NA         NA       
1770   64478  1.17219590 0.72443130 NA         NA         NA       
1770   146754 1.17219590 0.72443130 NA         NA         NA       
1770   6597   1.41327010 0.84966820 NA         NA         NA       
1770   7273   0.20394690 0.00000000 0.03905310 0.41597660 0.0055781
1770   7399   0.93112160 0.50000000 NA         NA         NA       
1770   8242   0.52314980 0.03688780 0.00907260 0.85016940 0.0003167
1770   9947   1.17219590 0.72443130 NA         NA         NA       
1770   5290   1.41327010 0.84966820 NA         NA         NA       
8314   2312   2.26376810 0.99106450 NA         NA         NA       
8314   84059  1.60179430 0.93777120 NA         NA         NA       
8314   27445  1.72909700 0.95843980 NA         NA         NA       
8314   53353  1.87761670 0.97359450 NA         NA         NA       
8314   8289   2.26376810 0.99106450 NA         NA         NA       
8314   23013  1.72909700 0.95843980 NA         NA         NA       
8314   23499  2.05314010 0.98414090 NA         NA         NA       
8314   10142  2.05314010 0.98414090 NA         NA         NA       
8314   93035  2.26376810 0.99106450 NA         NA         NA       
8314   131873 2.05314010 0.98414090 NA         NA         NA       
8314   23345  1.30974710 0.83716360 NA         NA         NA       
8314   7428   0.05362990 0.00000000 -0.0408560 0.39476720 0.0053349
8314   288    1.87761670 0.97359450 NA         NA         NA       
8314   94025  0.59044550 0.03824020 0.12119840 0.01131640 0.0337583
8314   113146 1.39492750 0.87735530 NA         NA         NA       
8314   29072  0.47343000 0.00339060 -0.0424454 0.37662040 0.007029
8314   129446 1.72909700 0.95843980 NA         NA         NA       
8314   4703   2.26376810 0.99106450 NA         NA         NA       
8314   58508  1.39492750 0.87735530 NA         NA         NA       
8314   6708   2.05314010 0.98414090 NA         NA         NA       
8314   64478  1.87761670 0.97359450 NA         NA         NA       
8314   146754 1.87761670 0.97359450 NA         NA         NA       
8314   6597   2.26376810 0.99106450 NA         NA         NA       
8314   7273   0.32668090 4.2e-06000 -0.0023555 0.96088460 1.77e-05
8314   7399   1.49146540 0.91087940 NA         NA         NA       
8314   8242   0.83797840 0.32820680 NA         NA         NA       
8314   9947   1.87761670 0.97359450 NA         NA         NA       
8314   5290   2.26376810 0.99106450 NA         NA         NA       
2312   84059  0.70757880 0.26776180 -0.0279063 0.56114470 0.0039358
2312   27445  0.76381370 0.33674840 NA         NA         NA       
2312   53353  0.82942100 0.41482530 NA         NA         NA       
2312   8289   1.00000000 0.58912590 NA         NA         NA       
2312   23013  0.76381370 0.33674840 NA         NA         NA       
2312   23499  0.90695690 0.50000000 NA         NA         NA       
2312   10142  0.90695690 0.50000000 NA         NA         NA       
2312   93035  1.00000000 0.58912590 NA         NA         NA       
2312   131873 0.90695690 0.50000000 NA         NA         NA       
2312   23345  0.57856950 0.12017120 -0.0308612 0.52041640 0.0048072
2312   7428   0.02369050 0.00000000 -0.0912259 0.05699440 0.0353196
2312   288    0.82942100 0.41482530 NA         NA         NA       
2312   94025  0.26082420 5.23e-0500 -0.0459639 0.33831270 0.0105722
2312   113146 0.61619720 0.15978400 0.05158450 0.28249090 0.0089953
2312   29072  0.20913360 8e-0700000 -0.0513309 0.28486790 0.013135
2312   129446 0.76381370 0.33674840 NA         NA         NA       
2312   4703   1.00000000 0.58912590 NA         NA         NA       
2312   58508  0.61619720 0.15978400 -0.0299041 0.53344070 0.0045156
2312   6708   0.90695690 0.50000000 NA         NA         NA       
2312   64478  0.82942100 0.41482530 NA         NA         NA       
2312   146754 0.82942100 0.41482530 NA         NA         NA       
2312   6597   1.00000000 0.58912590 NA         NA         NA       
2312   7273   0.14430850 0.00000000 0.02654090 0.58047090 0.0027913
2312   7399   0.65884190 0.20876990 -0.0289201 0.54699990 0.0042251
2312   8242   0.37016970 0.00486680 0.02611740 0.58652840 0.0026015
2312   9947   0.82942100 0.41482530 NA         NA         NA       
2312   5290   1.00000000 0.58912590 NA         NA         NA       
84059  27445  1.07947500 0.65172370 NA         NA         NA       
84059  53353  1.17219590 0.72443130 NA         NA         NA       
84059  8289   1.41327010 0.84966820 NA         NA         NA       
84059  23013  1.07947500 0.65172370 NA         NA         NA       
84059  23499  1.28177510 0.79123010 NA         NA         NA       
84059  10142  1.28177510 0.79123010 NA         NA         NA       
84059  93035  1.41327010 0.84966820 NA         NA         NA       
84059  131873 1.28177510 0.79123010 NA         NA         NA       
84059  23345  0.81767490 0.35758020 NA         NA         NA       
84059  7428   0.03348110 0.00000000 0.05287640 0.27059560 0.0112854
84059  288    1.17219590 0.72443130 NA         NA         NA       
84059  94025  0.36861510 0.00096990 0.03989760 0.40595960 0.0055861
84059  113146 0.87085310 0.42649300 NA         NA         NA       
84059  29072  0.29556230 2.9e-05000 -0.0178313 0.71042230 0.0013622
84059  129446 1.07947500 0.65172370 NA         NA         NA       
84059  4703   1.41327010 0.84966820 NA         NA         NA       
84059  58508  0.87085310 0.42649300 NA         NA         NA       
84059  6708   1.28177510 0.79123010 NA         NA         NA       
84059  64478  1.17219590 0.72443130 NA         NA         NA       
84059  146754 1.17219590 0.72443130 NA         NA         NA       
84059  6597   1.41327010 0.84966820 NA         NA         NA       
84059  7273   0.20394690 0.00000000 -0.0359563 0.45393120 0.0057974
84059  7399   0.93112160 0.50000000 NA         NA         NA       
84059  8242   0.52314980 0.03688780 -0.0458672 0.33933020 0.0115075
84059  9947   1.17219590 0.72443130 NA         NA         NA       
84059  5290   1.41327010 0.84966820 NA         NA         NA       
27445  53353  1.08589440 0.65715760 NA         NA         NA       
27445  8289   1.30921990 0.80073900 NA         NA         NA       
27445  23013  1.00000000 0.57867160 NA         NA         NA       
27445  23499  1.18740600 0.73223820 NA         NA         NA       
27445  10142  1.18740600 0.73223820 NA         NA         NA       
27445  93035  1.30921990 0.80073900 NA         NA         NA       
27445  131873 1.18740600 0.73223820 NA         NA         NA       
27445  23345  0.75747460 0.28899400 -0.0353117 0.46206960 0.0066667
27445  7428   0.03101610 0.00000000 -0.0396519 0.40885830 0.006397
27445  288    1.08589440 0.65715760 NA         NA         NA       
27445  94025  0.34147620 0.00050960 -0.0525924 0.27318080 0.0146123
27445  113146 0.80673760 0.35316020 NA         NA         NA       
27445  29072  0.27380180 1.31e-0500 0.07557300 0.11508710 0.0190825
27445  129446 1.00000000 0.57867160 NA         NA         NA       
27445  4703   1.30921990 0.80073900 NA         NA         NA       
27445  58508  0.80673760 0.35316020 NA         NA         NA       
27445  6708   1.18740600 0.73223820 NA         NA         NA       
27445  64478  1.08589440 0.65715760 NA         NA         NA       
27445  146754 1.08589440 0.65715760 NA         NA         NA       
27445  6597   1.30921990 0.80073900 NA         NA         NA       
27445  7273   0.18893150 0.00000000 0.00704380 0.88340220 0.0001976
27445  7399   0.86256900 0.42404840 NA         NA         NA       
27445  8242   0.48463360 0.02400580 -0.0441465 0.35777760 0.0103621
27445  9947   1.08589440 0.65715760 NA         NA         NA       
27445  5290   1.30921990 0.80073900 NA         NA         NA       
53353  8289   1.20566040 0.74096190 NA         NA         NA       
53353  23013  0.92089990 0.50000000 NA         NA         NA       
53353  23499  1.09348200 0.66325160 NA         NA         NA       
53353  10142  1.09348200 0.66325160 NA         NA         NA       
53353  93035  1.20566040 0.74096190 NA         NA         NA       
53353  131873 1.09348200 0.66325160 NA         NA         NA       
53353  23345  0.69755830 0.22528280 -0.0338864 0.48035000 0.0060026
53353  7428   0.02856270 0.00000000 -0.0553061 0.24916000 0.0126141
53353  288    1.00000000 0.58172190 NA         NA         NA       
53353  94025  0.31446540 0.00025370 0.05140410 0.28418010 0.0092971
53353  113146 0.74292450 0.28260710 -0.0328355 0.49407580 0.0056391
53353  29072  0.25214410 5.6e-06000 -0.0098208 0.83797870 0.0004076
53353  129446 0.92089990 0.50000000 NA         NA         NA       
53353  4703   1.20566040 0.74096190 NA         NA         NA       
53353  58508  0.74292450 0.28260710 0.19085610 6.05e-0500 0.0827464
53353  6708   1.09348200 0.66325160 NA         NA         NA       
53353  64478  1.00000000 0.58172190 NA         NA         NA       
53353  146754 1.00000000 0.58172190 NA         NA         NA       
53353  6597   1.20566040 0.74096190 NA         NA         NA       
53353  7273   0.17398700 0.00000000 0.05339100 0.26595300 0.010451
53353  7399   0.79433960 0.34827630 NA         NA         NA       
53353  8242   0.44629900 0.01489930 -0.0423645 0.37753120 0.0093351
53353  9947   1.00000000 0.58172190 NA         NA         NA       
53353  5290   1.20566040 0.74096190 NA         NA         NA       
8289   23013  0.76381370 0.33674840 NA         NA         NA       
8289   23499  0.90695690 0.50000000 NA         NA         NA       
8289   10142  0.90695690 0.50000000 NA         NA         NA       
8289   93035  1.00000000 0.58912590 NA         NA         NA       
8289   131873 0.90695690 0.50000000 NA         NA         NA       
8289   23345  0.57856950 0.12017120 0.12743860 0.00771650 0.0450209
8289   7428   0.02369050 0.00000000 0.09263150 0.05326000 0.036366
8289   288    0.82942100 0.41482530 NA         NA         NA       
8289   94025  0.26082420 5.23e-0500 -0.0459639 0.33831270 0.0105722
8289   113146 0.61619720 0.15978400 -0.0299041 0.53344070 0.0045156
8289   29072  0.20913360 8e-0700000 -0.0004666 0.99224800 9e-07
8289   129446 0.76381370 0.33674840 NA         NA         NA       
8289   4703   1.00000000 0.58912590 NA         NA         NA       
8289   58508  0.61619720 0.15978400 0.05158450 0.28249090 0.0089953
8289   6708   0.90695690 0.50000000 NA         NA         NA       
8289   64478  0.82942100 0.41482530 NA         NA         NA       
8289   146754 0.82942100 0.41482530 NA         NA         NA       
8289   6597   1.00000000 0.58912590 NA         NA         NA       
8289   7273   0.14430850 0.00000000 -0.0176264 0.71360250 0.0013526
8289   7399   0.65884190 0.20876990 0.05514100 0.25057800 0.0100888
8289   8242   0.37016970 0.00486680 -0.0385825 0.42162110 0.0074836
8289   9947   0.82942100 0.41482530 NA         NA         NA       
8289   5290   1.00000000 0.58912590 NA         NA         NA       
23013  23499  1.18740600 0.73223820 NA         NA         NA       
23013  10142  1.18740600 0.73223820 NA         NA         NA       
23013  93035  1.30921990 0.80073900 NA         NA         NA       
23013  131873 1.18740600 0.73223820 NA         NA         NA       
23013  23345  0.75747460 0.28899400 0.03435300 0.47432210 0.0040443
23013  7428   0.03101610 0.00000000 -0.0666227 0.16493270 0.0181847
23013  288    1.08589440 0.65715760 NA         NA         NA       
23013  94025  0.34147620 0.00050960 0.04540030 0.34427540 0.0072421
23013  113146 0.80673760 0.35316020 NA         NA         NA       
23013  29072  0.27380180 1.31e-0500 0.07557300 0.11508710 0.0190825
23013  129446 1.00000000 0.57867160 NA         NA         NA       
23013  4703   1.30921990 0.80073900 NA         NA         NA       
23013  58508  0.80673760 0.35316020 NA         NA         NA       
23013  6708   1.18740600 0.73223820 NA         NA         NA       
23013  64478  1.08589440 0.65715760 NA         NA         NA       
23013  146754 1.08589440 0.65715760 NA         NA         NA       
23013  6597   1.30921990 0.80073900 NA         NA         NA       
23013  7273   0.18893150 0.00000000 0.04591820 0.33879330 0.0077196
23013  7399   0.86256900 0.42404840 NA         NA         NA       
23013  8242   0.48463360 0.02400580 -0.0441465 0.35777760 0.0103621
23013  9947   1.08589440 0.65715760 NA         NA         NA       
23013  5290   1.30921990 0.80073900 NA         NA         NA       
23499  10142  1.00000000 0.58517470 NA         NA         NA       
23499  93035  1.10258820 0.67014950 NA         NA         NA       
23499  131873 1.00000000 0.58517470 NA         NA         NA       
23499  23345  0.63792390 0.16849930 0.04314960 0.36874700 0.0063956
23499  7428   0.02612090 0.00000000 0.07386600 0.12354960 0.0227952
23499  288    0.91450980 0.50000000 NA         NA         NA       
23499  94025  0.28758170 0.00011900 -0.0482640 0.31466850 0.0118356
23499  113146 0.67941180 0.21740260 -0.0314005 0.51314940 0.0050608
23499  29072  0.23058820 2.3e-06000 -0.0053454 0.91138180 0.0001202
23499  129446 0.84217190 0.41827810 NA         NA         NA       
23499  4703   1.10258820 0.67014950 NA         NA         NA       
23499  58508  0.67941180 0.21740260 -0.0314005 0.51314940 0.0050608
23499  6708   1.00000000 0.58517470 NA         NA         NA       
23499  64478  0.91450980 0.50000000 NA         NA         NA       
23499  146754 0.91450980 0.50000000 NA         NA         NA       
23499  6597   1.10258820 0.67014950 NA         NA         NA       
23499  7273   0.15911280 0.00000000 0.06159820 0.19923460 0.0139306
23499  7399   0.72643140 0.27556870 -0.0303673 0.52711650 0.0047355
23499  8242   0.40814480 0.00877150 0.02124820 0.65816260 0.0017249
23499  9947   0.91450980 0.50000000 NA         NA         NA       
23499  5290   1.10258820 0.67014950 NA         NA         NA       
10142  93035  1.10258820 0.67014950 NA         NA         NA       
10142  131873 1.00000000 0.58517470 NA         NA         NA       
10142  23345  0.63792390 0.16849930 0.04314960 0.36874700 0.0063956
10142  7428   0.02612090 0.00000000 -0.0431388 0.36886710 0.0077317
10142  288    0.91450980 0.50000000 NA         NA         NA       
10142  94025  0.28758170 0.00011900 0.05801430 0.22669570 0.0118573
10142  113146 0.67941180 0.21740260 0.04638720 0.33387790 0.0072644
10142  29072  0.23058820 2.3e-06000 -0.0538996 0.26141990 0.0146979
10142  129446 0.84217190 0.41827810 NA         NA         NA       
10142  4703   1.10258820 0.67014950 NA         NA         NA       
10142  58508  0.67941180 0.21740260 0.04638720 0.33387790 0.0072644
10142  6708   1.00000000 0.58517470 NA         NA         NA       
10142  64478  0.91450980 0.50000000 NA         NA         NA       
10142  146754 0.91450980 0.50000000 NA         NA         NA       
10142  6597   1.10258820 0.67014950 NA         NA         NA       
10142  7273   0.15911280 0.00000000 0.01943680 0.68567940 0.001499
10142  7399   0.72643140 0.27556870 -0.0303673 0.52711650 0.0047355
10142  8242   0.40814480 0.00877150 0.02124820 0.65816260 0.0017249
10142  9947   0.91450980 0.50000000 NA         NA         NA       
10142  5290   1.10258820 0.67014950 NA         NA         NA       
93035  131873 0.90695690 0.50000000 NA         NA         NA       
93035  23345  0.57856950 0.12017120 -0.0308612 0.52041640 0.0048072
93035  7428   0.02369050 0.00000000 0.00070280 0.98832480 2.1e-06
93035  288    0.82942100 0.41482530 NA         NA         NA       
93035  94025  0.26082420 5.23e-0500 -0.0459639 0.33831270 0.0105722
93035  113146 0.61619720 0.15978400 -0.0299041 0.53344070 0.0045156
93035  29072  0.20913360 8e-0700000 -0.0004666 0.99224800 9e-07
93035  129446 0.76381370 0.33674840 NA         NA         NA       
93035  4703   1.00000000 0.58912590 NA         NA         NA       
93035  58508  0.61619720 0.15978400 0.05158450 0.28249090 0.0089953
93035  6708   0.90695690 0.50000000 NA         NA         NA       
93035  64478  0.82942100 0.41482530 NA         NA         NA       
93035  146754 0.82942100 0.41482530 NA         NA         NA       
93035  6597   1.00000000 0.58912590 NA         NA         NA       
93035  7273   0.14430850 0.00000000 0.11487560 0.01640690 0.0455996
93035  7399   0.65884190 0.20876990 0.05514100 0.25057800 0.0019862
93035  8242   0.37016970 0.00486680 0.09081720 0.05812000 0.0264966
93035  9947   0.82942100 0.41482530 NA         NA         NA       
93035  5290   1.00000000 0.58912590 NA         NA         NA       
131873 23345  0.63792390 0.16849930 0.04314960 0.36874700 0.0063956
131873 7428   0.02612090 0.00000000 -0.0723900 0.13125040 0.0219176
131873 288    0.91450980 0.50000000 NA         NA         NA       
131873 94025  0.28758170 0.00011900 0.00487510 0.91915000 9.68e-05
131873 113146 0.67941180 0.21740260 -0.0314005 0.51314940 0.0050608
131873 29072  0.23058820 2.3e-06000 0.09176290 0.05554280 0.0283152
131873 129446 0.84217190 0.41827810 NA         NA         NA       
131873 4703   1.10258820 0.67014950 NA         NA         NA       
131873 58508  0.67941180 0.21740260 0.04638720 0.33387790 0.0072644
131873 6708   1.00000000 0.58517470 NA         NA         NA       
131873 64478  0.91450980 0.50000000 NA         NA         NA       
131873 146754 0.91450980 0.50000000 NA         NA         NA       
131873 6597   1.10258820 0.67014950 NA         NA         NA       
131873 7273   0.15911280 0.00000000 -0.0227246 0.63606850 0.0022609
131873 7399   0.72643140 0.27556870 -0.0303673 0.52711650 0.0047355
131873 8242   0.40814480 0.00877150 0.02124820 0.65816260 0.0017249
131873 9947   0.91450980 0.50000000 NA         NA         NA       
131873 5290   1.10258820 0.67014950 NA         NA         NA       
23345  7428   0.04094670 0.00000000 -0.1057149 0.02729710 0.0437833
23345  288    1.43357200 0.87158320 NA         NA         NA       
23345  94025  0.45080880 0.00506250 0.06872210 0.15199090 0.0141072
23345  113146 1.06503580 0.63839540 NA         NA         NA       
23345  29072  0.36146670 0.00023300 0.12919390 0.00690830 0.0452992
23345  129446 1.32017620 0.82343750 NA         NA         NA       
23345  4703   1.72840100 0.94185710 NA         NA         NA       
23345  58508  1.06503580 0.63839540 NA         NA         NA       
23345  6708   1.56758520 0.91109980 NA         NA         NA       
23345  64478  1.43357200 0.87158320 NA         NA         NA       
23345  146754 1.43357200 0.87158320 NA         NA         NA       
23345  6597   1.72840100 0.94185710 NA         NA         NA       
23345  7273   0.24942290 1e-0700000 0.05538690 0.24846770 0.0100247
23345  7399   1.13874300 0.70517740 NA         NA         NA       
23345  8242   0.63980170 0.10520960 -0.0006886 0.98856170 1.8e-06
23345  9947   1.43357200 0.87158320 NA         NA         NA       
23345  5290   1.72840100 0.94185710 NA         NA         NA       
7428   288    35.0106545 0.99999990 NA         NA         NA       
7428   94025  11.0096398 0.99999990 NA         NA         NA       
7428   113146 26.0102740 0.99999990 NA         NA         NA       
7428   29072  8.82772930 0.99999990 NA         NA         NA       
7428   129446 32.2413066 0.99999990 NA         NA         NA       
7428   4703   42.2109589 0.99999990 NA         NA         NA       
7428   58508  26.0102740 0.99999990 NA         NA         NA       
7428   6708   38.2835201 0.99999990 NA         NA         NA       
7428   64478  35.0106545 0.99999990 NA         NA         NA       
7428   146754 35.0106545 0.99999990 NA         NA         NA       
7428   6597   42.2109589 0.99999990 NA         NA         NA       
7428   7273   6.09139910 0.99999990 NA         NA         NA       
7428   7399   27.8103501 0.99999990 NA         NA         NA       
7428   8242   15.6252195 0.99999990 NA         NA         NA       
7428   9947   35.0106545 0.99999990 NA         NA         NA       
7428   5290   42.2109589 0.99999990 NA         NA         NA       
288    94025  0.31446540 0.00025370 0.05140410 0.28418010 0.0092971
288    113146 0.74292450 0.28260710 0.19085610 6.05e-0500 0.0827471
288    29072  0.25214410 5.6e-06000 0.03672110 0.44438140 0.004996
288    129446 0.92089990 0.50000000 NA         NA         NA       
288    4703   1.20566040 0.74096190 NA         NA         NA       
288    58508  0.74292450 0.28260710 0.04172840 0.38474230 0.0058695
288    6708   1.09348200 0.66325160 NA         NA         NA       
288    64478  1.00000000 0.58172190 NA         NA         NA       
288    146754 1.00000000 0.58172190 NA         NA         NA       
288    6597   1.20566040 0.74096190 NA         NA         NA       
288    7273   0.17398700 0.00000000 0.13421910 0.00499670 0.0585009
288    7399   0.79433960 0.34827630 NA         NA         NA       
288    8242   0.44629900 0.01489930 -0.0423645 0.37753120 0.0093351
288    9947   1.00000000 0.58172190 NA         NA         NA       
288    5290   1.20566040 0.74096190 NA         NA         NA       
94025  113146 2.36250000 0.99881460 NA         NA         NA       
94025  29072  0.80181820 0.20583590 0.03781770 0.43088820 0.0029792
94025  129446 2.92846150 0.99983870 NA         NA         NA       
94025  4703   3.83400000 0.99998730 NA         NA         NA       
94025  58508  2.36250000 0.99881460 NA         NA         NA       
94025  6708   3.47727270 0.99996810 NA         NA         NA       
94025  64478  3.18000000 0.99992590 NA         NA         NA       
94025  146754 3.18000000 0.99992590 NA         NA         NA       
94025  6597   3.83400000 0.99998730 NA         NA         NA       
94025  7273   0.55327870 0.00472920 0.09520990 0.04693920 0.0176799
94025  7399   2.52600000 0.99935830 NA         NA         NA       
94025  8242   1.41923080 0.92665410 NA         NA         NA       
94025  9947   3.18000000 0.99992590 NA         NA         NA       
94025  5290   3.83400000 0.99998730 NA         NA         NA       
113146 29072  0.33939390 0.00012180 0.01560470 0.74524160 0.0008876
113146 129446 1.23956040 0.77471720 NA         NA         NA       
113146 4703   1.62285710 0.91888360 NA         NA         NA       
113146 58508  1.00000000 0.57129460 NA         NA         NA       
113146 6708   1.47186150 0.87982880 NA         NA         NA       
113146 64478  1.34603170 0.83150070 NA         NA         NA       
113146 146754 1.34603170 0.83150070 NA         NA         NA       
113146 6597   1.62285710 0.91888360 NA         NA         NA       
113146 7273   0.23419200 0.00000000 0.02677770 0.57709760 0.0025696
113146 7399   1.06920630 0.64241980 NA         NA         NA       
113146 8242   0.60073260 0.07693110 0.00236300 0.96076020 2.13e-05
113146 9947   1.34603170 0.83150070 NA         NA         NA       
113146 5290   1.62285710 0.91888360 NA         NA         NA       
29072  129446 3.65227630 0.99999660 NA         NA         NA       
29072  4703   4.78163270 0.99999980 NA         NA         NA       
29072  58508  2.94642860 0.99996120 NA         NA         NA       
29072  6708   4.33673470 0.99999950 NA         NA         NA       
29072  64478  3.96598640 0.99999870 NA         NA         NA       
29072  146754 3.96598640 0.99999870 NA         NA         NA       
29072  6597   4.78163270 0.99999980 NA         NA         NA       
29072  7273   0.69003010 0.04778620 0.08437700 0.07842050 0.0125727
29072  7399   3.15034010 0.99998180 NA         NA         NA       
29072  8242   1.77001570 0.99132550 NA         NA         NA       
29072  9947   3.96598640 0.99999870 NA         NA         NA       
29072  5290   4.78163270 0.99999980 NA         NA         NA       
129446 4703   1.30921990 0.80073900 NA         NA         NA       
129446 58508  0.80673760 0.35316020 NA         NA         NA       
129446 6708   1.18740600 0.73223820 NA         NA         NA       
129446 64478  1.08589440 0.65715760 NA         NA         NA       
129446 146754 1.08589440 0.65715760 NA         NA         NA       
129446 6597   1.30921990 0.80073900 NA         NA         NA       
129446 7273   0.18893150 0.00000000 0.12366710 0.00974470 0.0494
129446 7399   0.86256900 0.42404840 NA         NA         NA       
129446 8242   0.48463360 0.02400580 -0.0441465 0.35777760 0.0103621
129446 9947   1.08589440 0.65715760 NA         NA         NA       
129446 5290   1.30921990 0.80073900 NA         NA         NA       
4703   58508  0.61619720 0.15978400 -0.0299041 0.53344070 0.0045156
4703   6708   0.90695690 0.50000000 NA         NA         NA       
4703   64478  0.82942100 0.41482530 NA         NA         NA       
4703   146754 0.82942100 0.41482530 NA         NA         NA       
4703   6597   1.00000000 0.58912590 NA         NA         NA       
4703   7273   0.14430850 0.00000000 -0.0176264 0.71360250 0.0013526
4703   7399   0.65884190 0.20876990 -0.0289201 0.54699990 0.0042251
4703   8242   0.37016970 0.00486680 0.02611740 0.58652840 0.0026015
4703   9947   0.82942100 0.41482530 NA         NA         NA       
4703   5290   1.00000000 0.58912590 NA         NA         NA       
58508  6708   1.47186150 0.87982880 NA         NA         NA       
58508  64478  1.34603170 0.83150070 NA         NA         NA       
58508  146754 1.34603170 0.83150070 NA         NA         NA       
58508  6597   1.62285710 0.91888360 NA         NA         NA       
58508  7273   0.23419200 0.00000000 -0.0435541 0.36427190 0.0087232
58508  7399   1.06920630 0.64241980 NA         NA         NA       
58508  8242   0.60073260 0.07693110 -0.0491507 0.30584930 0.0186034
58508  9947   1.34603170 0.83150070 NA         NA         NA       
58508  5290   1.62285710 0.91888360 NA         NA         NA       
6708   64478  0.91450980 0.50000000 NA         NA         NA       
6708   146754 0.91450980 0.50000000 NA         NA         NA       
6708   6597   1.10258820 0.67014950 NA         NA         NA       
6708   7273   0.15911280 0.00000000 0.10375960 0.03029630 0.0370814
6708   7399   0.72643140 0.27556870 -0.0303673 0.52711650 0.0047355
6708   8242   0.40814480 0.00877150 -0.0405132 0.39874840 0.0083826
6708   9947   0.91450980 0.50000000 NA         NA         NA       
6708   5290   1.10258820 0.67014950 NA         NA         NA       
64478  146754 1.00000000 0.58172190 NA         NA         NA       
64478  6597   1.20566040 0.74096190 NA         NA         NA       
64478  7273   0.17398700 0.00000000 0.01297700 0.78700560 0.0006692
64478  7399   0.79433960 0.34827630 NA         NA         NA       
64478  8242   0.44629900 0.01489930 0.01683720 0.72589870 0.0010851
64478  9947   1.00000000 0.58172190 NA         NA         NA       
64478  5290   1.20566040 0.74096190 NA         NA         NA       
146754 6597   1.20566040 0.74096190 NA         NA         NA       
146754 7273   0.17398700 0.00000000 0.01297700 0.78700560 0.0006692
146754 7399   0.79433960 0.34827630 NA         NA         NA       
146754 8242   0.44629900 0.01489930 -0.0423645 0.37753120 0.0093351
146754 9947   1.00000000 0.58172190 NA         NA         NA       
146754 5290   1.20566040 0.74096190 NA         NA         NA       
6597   7273   0.14430850 0.00000000 0.02654090 0.58047090 0.0027913
6597   7399   0.65884190 0.20876990 0.05514100 0.25057800 0.0100888
6597   8242   0.37016970 0.00486680 -0.0385825 0.42162110 0.0074836
6597   9947   0.82942100 0.41482530 NA         NA         NA       
6597   5290   1.00000000 0.58912590 NA         NA         NA       
7273   7399   4.56551110 0.99999990 NA         NA         NA       
7273   8242   2.56512820 0.99998110 NA         NA         NA       
7273   9947   5.74755560 0.99999990 NA         NA         NA       
7273   5290   6.92960000 0.99999990 NA         NA         NA       
7399   8242   0.56184910 0.05431150 0.11188640 0.01944480 0.0338853
7399   9947   1.25890740 0.78259740 NA         NA         NA       
7399   5290   1.51781470 0.88862680 NA         NA         NA       
8242   9947   2.24065040 0.99405680 NA         NA         NA       
8242   5290   2.70146340 0.99837520 NA         NA         NA       
9947   5290   1.20566040 0.74096190 NA         NA         NA       
