Gene1  Gene2  oddsratio  pvalue     pearson    p_pval     HC
29072  8085   0.91055560 0.50000000 NA         NA         NA       
29072  727897 0.77000000 0.33890900 NA         NA         NA       
29072  84033  1.00000000 0.58711800 NA         NA         NA       
29072  7273   0.46333330 0.03240850 0.10728930 0.17552770 0.0245561
29072  4771   1.10733330 0.67365900 NA         NA         NA       
29072  94025  0.77000000 0.33890900 NA         NA         NA       
29072  2195   0.83487180 0.41623270 NA         NA         NA       
29072  58508  0.77000000 0.33890900 NA         NA         NA       
29072  4233   0.71377780 0.27010250 -0.0868000 0.27358010 0.036444
29072  4670   1.10733330 0.67365900 NA         NA         NA       
29072  8029   1.10733330 0.67365900 NA         NA         NA       
29072  201158 0.26400000 9.58e-0500 -0.0233550 0.76870260 0.0014587
29072  4744   1.10733330 0.67365900 NA         NA         NA       
29072  90850  1.10733330 0.67365900 NA         NA         NA       
29072  4583   0.54807020 0.08940640 0.12986370 0.10060940 0.0341763
8085   727897 0.84563760 0.41918330 NA         NA         NA       
8085   84033  1.09823060 0.66697610 NA         NA         NA       
8085   7273   0.50884690 0.05077490 0.23136350 0.00314730 0.0953498
8085   4771   1.21610740 0.74577660 NA         NA         NA       
8085   94025  0.84563760 0.41918330 NA         NA         NA       
8085   2195   0.91688180 0.50000000 NA         NA         NA       
8085   58508  0.84563760 0.41918330 NA         NA         NA       
8085   4233   0.78389260 0.34413930 NA         NA         NA       
8085   4670   1.21610740 0.74577660 NA         NA         NA       
8085   8029   1.21610740 0.74577660 NA         NA         NA       
8085   201158 0.28993290 0.00021040 0.13710640 0.08285960 0.0396835
8085   4744   1.21610740 0.74577660 NA         NA         NA       
8085   90850  1.21610740 0.74577660 NA         NA         NA       
8085   4583   0.60190750 0.12836070 0.04279800 0.58984470 0.0040572
727897 84033  1.29870130 0.79732790 NA         NA         NA       
727897 7273   0.60173160 0.10766510 0.06975840 0.37923320 0.0095133
727897 4771   1.43809520 0.85568420 NA         NA         NA       
727897 94025  1.00000000 0.57819450 NA         NA         NA       
727897 2195   1.08424910 0.65586070 NA         NA         NA       
727897 58508  1.00000000 0.57819450 NA         NA         NA       
727897 4233   0.92698410 0.50000000 NA         NA         NA       
727897 4670   1.43809520 0.85568420 NA         NA         NA       
727897 8029   1.43809520 0.85568420 NA         NA         NA       
727897 201158 0.34285710 0.00085060 -0.0557657 0.48229180 0.0074607
727897 4744   1.43809520 0.85568420 NA         NA         NA       
727897 90850  1.43809520 0.85568420 NA         NA         NA       
727897 4583   0.71177940 0.23140550 0.16041620 0.04207510 0.0441287
84033  7273   0.46333330 0.03240850 0.03561470 0.65377720 0.0030337
84033  4771   1.10733330 0.67365900 NA         NA         NA       
84033  94025  0.77000000 0.33890900 NA         NA         NA       
84033  2195   0.83487180 0.41623270 NA         NA         NA       
84033  58508  0.77000000 0.33890900 NA         NA         NA       
84033  4233   0.71377780 0.27010250 -0.0021042 0.97886500 1.15e-05
84033  4670   1.10733330 0.67365900 NA         NA         NA       
84033  8029   1.10733330 0.67365900 NA         NA         NA       
84033  201158 0.26400000 9.58e-0500 0.03633000 0.64728680 0.0032344
84033  4744   1.10733330 0.67365900 NA         NA         NA       
84033  90850  1.10733330 0.67365900 NA         NA         NA       
84033  4583   0.54807020 0.08940640 0.05355690 0.49983430 0.0065664
7273   4771   2.38992810 0.99281550 NA         NA         NA       
7273   94025  1.66187050 0.94476170 NA         NA         NA       
7273   2195   1.80188160 0.96391010 NA         NA         NA       
7273   58508  1.66187050 0.94476170 NA         NA         NA       
7273   4233   1.54052760 0.91928160 NA         NA         NA       
7273   4670   2.38992810 0.99281550 NA         NA         NA       
7273   8029   2.38992810 0.99281550 NA         NA         NA       
7273   201158 0.56978420 0.03957040 -0.0343109 0.66567460 0.0020273
7273   4744   2.38992810 0.99281550 NA         NA         NA       
7273   90850  2.38992810 0.99281550 NA         NA         NA       
7273   4583   1.18288530 0.74796490 NA         NA         NA       
4771   94025  0.69536420 0.26261640 0.10324290 0.19247790 0.0226641
4771   2195   0.75394800 0.33302390 NA         NA         NA       
4771   58508  0.69536420 0.26261640 0.01191260 0.88077880 0.0003713
4771   4233   0.64459160 0.20267210 0.00604900 0.93929530 9.75e-05
4771   4670   1.00000000 0.59096430 NA         NA         NA       
4771   8029   1.00000000 0.59096430 NA         NA         NA       
4771   201158 0.23841060 4.08e-0500 0.05153990 0.51614150 0.0067325
4771   4744   1.00000000 0.59096430 NA         NA         NA       
4771   90850  1.00000000 0.59096430 NA         NA         NA       
4771   4583   0.49494600 0.05907400 0.06539800 0.40981190 0.0100771
94025  2195   1.08424910 0.65586070 NA         NA         NA       
94025  58508  1.00000000 0.57819450 NA         NA         NA       
94025  4233   0.92698410 0.50000000 NA         NA         NA       
94025  4670   1.43809520 0.85568420 NA         NA         NA       
94025  8029   1.43809520 0.85568420 NA         NA         NA       
94025  201158 0.34285710 0.00085060 -0.0023236 0.97666270 1.19e-05
94025  4744   1.43809520 0.85568420 NA         NA         NA       
94025  90850  1.43809520 0.85568420 NA         NA         NA       
94025  4583   0.71177940 0.23140550 0.09209080 0.24528960 0.0158348
2195   58508  0.92229730 0.50000000 NA         NA         NA       
2195   4233   0.85495500 0.42180550 NA         NA         NA       
2195   4670   1.32635140 0.80639230 NA         NA         NA       
2195   8029   1.32635140 0.80639230 NA         NA         NA       
2195   201158 0.31621620 0.00043480 -0.0456594 0.56519790 0.0051745
2195   4744   1.32635140 0.80639230 NA         NA         NA       
2195   90850  1.32635140 0.80639230 NA         NA         NA       
2195   4583   0.65647230 0.17592340 0.03291830 0.67847530 0.0023347
58508  4233   0.92698410 0.50000000 NA         NA         NA       
58508  4670   1.43809520 0.85568420 NA         NA         NA       
58508  8029   1.43809520 0.85568420 NA         NA         NA       
58508  201158 0.34285710 0.00085060 0.10456070 0.18683150 0.0215673
58508  4744   1.43809520 0.85568420 NA         NA         NA       
58508  90850  1.43809520 0.85568420 NA         NA         NA       
58508  4583   0.71177940 0.23140550 0.02376540 0.76475600 0.0011802
4233   4670   1.55136990 0.89458840 NA         NA         NA       
4233   8029   1.55136990 0.89458840 NA         NA         NA       
4233   201158 0.36986300 0.00158180 0.03829180 0.62962170 0.0029592
4233   4744   1.55136990 0.89458840 NA         NA         NA       
4233   90850  1.55136990 0.89458840 NA         NA         NA       
4233   4583   0.76784430 0.29349160 -0.0510127 0.52044850 0.006266
4670   8029   1.00000000 0.59096430 NA         NA         NA       
4670   201158 0.23841060 4.08e-0500 -0.1356314 0.08625420 0.088211
4670   4744   1.00000000 0.59096430 NA         NA         NA       
4670   90850  1.00000000 0.59096430 NA         NA         NA       
4670   4583   0.49494600 0.05907400 -0.0941335 0.23493080 0.0451909
8029   201158 0.23841060 4.08e-0500 0.11393040 0.15013910 0.0308865
8029   4744   1.00000000 0.59096430 NA         NA         NA       
8029   90850  1.00000000 0.59096430 NA         NA         NA       
8029   4583   0.49494600 0.05907400 0.06539800 0.40981190 0.010079
201158 4744   4.19444440 0.99999100 NA         NA         NA       
201158 90850  4.19444440 0.99999100 NA         NA         NA       
201158 4583   2.07602340 0.99463100 NA         NA         NA       
4744   90850  1.00000000 0.59096430 NA         NA         NA       
4744   4583   0.49494600 0.05907400 -0.0143677 0.85645000 0.0005844
90850  4583   0.49494600 0.05907400 0.06539800 0.40981190 0.010077
