TCGA-57-1584 21.12 0.0 2
TCGA-20-0990 25.92 0.0 2
TCGA-25-1631 0.3 1.0 2
TCGA-30-1891 30.03 1.0 2
TCGA-24-2262 0.36 1.0 2
TCGA-04-1347 63.04 0.0 2
TCGA-04-1331 1.0 1.0 2
TCGA-20-1686 2.92 0.0 2
TCGA-30-1857 0.26 1.0 2
TCGA-23-1109 51.31 1.0 2
TCGA-61-2101 55.45 1.0 2
TCGA-09-2053 39.72 0.0 1
TCGA-61-2113 22.21 1.0 2
TCGA-13-0893 43.33 1.0 2
TCGA-29-1710 31.24 1.0 2
TCGA-23-1120 4.27 0.0 2
TCGA-24-1563 47.67 1.0 2
TCGA-57-1586 22.31 0.0 2
TCGA-29-1777 12.29 0.0 2
TCGA-13-0717 24.57 1.0 2
TCGA-24-0970 11.63 1.0 2
TCGA-13-1410 80.95 0.0 2
TCGA-36-2552 11.47 0.0 2
TCGA-24-2271 31.6 1.0 2
TCGA-09-1661 38.4 1.0 2
TCGA-04-1350 63.93 1.0 2
TCGA-04-1638 55.39 1.0 2
TCGA-13-1504 34.79 1.0 2
TCGA-13-1404 81.11 0.0 2
TCGA-25-2399 19.97 1.0 2
TCGA-59-2352 9.4 1.0 2
TCGA-23-2077 115.8 0.0 1
TCGA-24-1558 19.51 1.0 2
TCGA-20-0987 23.03 1.0 2
TCGA-24-1105 47.37 1.0 2
TCGA-24-1431 18.63 1.0 2
TCGA-13-1495 90.31 1.0 2
TCGA-31-1950 18.76 0.0 2
TCGA-04-1342 18.5 1.0 2
TCGA-24-1426 5.35 0.0 2
TCGA-24-1553 58.05 1.0 2
TCGA-24-1565 10.25 1.0 2
TCGA-29-1774 17.31 0.0 2
TCGA-13-2065 65.47 0.0 2
TCGA-25-2396 3.02 1.0 2
TCGA-13-1407 83.25 0.0 2
TCGA-61-1907 31.27 0.0 2
TCGA-13-0751 55.12 1.0 2
TCGA-61-2095 61.6 1.0 2
TCGA-61-2110 44.48 1.0 2
TCGA-61-2003 4.01 0.0 2
TCGA-13-1411 17.44 1.0 2
TCGA-29-1703 59.63 1.0 2
TCGA-20-1682 27.5 0.0 2
TCGA-61-1741 33.64 1.0 2
TCGA-24-1842 8.31 0.0 2
TCGA-25-1329 15.01 1.0 2
TCGA-04-1648 28.61 1.0 2
TCGA-13-2066 70.07 1.0 2
TCGA-24-2288 0.82 1.0 2
TCGA-24-1843 3.48 0.0 2
TCGA-29-1771 22.54 0.0 1
TCGA-23-1119 129.86 0.0 1
TCGA-42-2588 28.91 1.0 2
TCGA-04-1336 49.11 0.0 2
TCGA-36-2551 16.16 0.0 2
TCGA-61-1906 34.1 1.0 2
TCGA-25-2042 13.01 1.0 2
TCGA-24-1103 54.07 1.0 2
TCGA-13-1489 83.87 1.0 2
TCGA-23-2079 91.59 0.0 2
TCGA-23-2645 4.5 0.0 2
TCGA-29-1785 36.27 1.0 2
TCGA-29-1695 40.37 1.0 2
TCGA-29-1699 36.33 1.0 2
TCGA-61-1913 48.88 0.0 2
TCGA-13-0886 153.25 0.0 2
TCGA-61-1740 2.43 1.0 1
TCGA-29-1763 66.75 0.0 2
TCGA-29-1783 7.23 0.0 2
TCGA-13-0792 118.33 0.0 2
TCGA-24-2280 70.4 0.0 2
TCGA-29-1768 31.27 1.0 2
TCGA-04-1517 19.97 1.0 2
TCGA-61-1737 44.81 0.0 2
TCGA-09-2045 35.12 1.0 2
TCGA-13-0723 39.55 1.0 2
TCGA-13-1483 29.4 1.0 1
TCGA-61-1998 5.52 0.0 2
TCGA-04-1514 56.5 1.0 2
TCGA-13-0890 145.34 0.0 2
TCGA-25-1315 52.0 1.0 2
TCGA-13-0755 2.5 1.0 2
TCGA-24-1614 48.29 1.0 2
TCGA-04-1649 64.59 0.0 2
TCGA-29-1705 18.23 1.0 2
TCGA-13-1509 80.09 0.0 2
TCGA-36-2538 25.07 0.0 2
TCGA-61-2612 6.34 1.0 2
TCGA-29-1701 16.92 1.0 2
TCGA-24-1557 39.85 1.0 2
TCGA-29-1770 24.34 0.0 2
TCGA-24-2038 44.48 1.0 2
TCGA-09-1675 97.47 0.0 2
TCGA-20-1684 19.09 0.0 2
TCGA-13-0801 45.96 1.0 2
TCGA-13-0765 45.63 1.0 2
TCGA-09-0364 29.14 1.0 2
TCGA-13-1481 86.99 1.0 2
TCGA-10-0926 25.89 1.0 2
TCGA-61-1722 8.08 0.0 2
TCGA-04-1369 21.09 1.0 2
TCGA-59-2350 22.31 1.0 2
TCGA-04-1646 27.86 1.0 2
TCGA-24-1469 9.1 0.0 2
TCGA-30-1714 38.04 1.0 1
TCGA-23-1110 54.47 0.0 2
TCGA-36-2532 29.47 0.0 2
TCGA-24-1616 38.21 1.0 2
TCGA-13-0883 68.89 1.0 2
TCGA-09-1666 57.56 0.0 2
TCGA-59-2351 116.03 0.0 1
TCGA-61-1903 13.01 0.0 2
TCGA-42-2582 47.54 1.0 2
TCGA-24-2254 57.03 1.0 2
TCGA-09-1672 5.85 0.0 2
TCGA-36-2539 1.0 1.0 2
TCGA-29-2434 11.47 0.0 2
TCGA-13-0911 44.51 1.0 1
TCGA-13-0904 50.33 1.0 2
TCGA-29-2427 62.42 0.0 2
TCGA-61-2104 76.81 0.0 2
TCGA-13-0793 107.19 0.0 2
TCGA-13-0714 6.21 1.0 2
TCGA-04-1519 0.79 0.0 2
TCGA-61-1730 4.34 1.0 2
TCGA-24-1556 70.57 1.0 2
TCGA-61-1995 2.0 0.0 2
TCGA-04-1652 31.83 1.0 2
TCGA-61-1911 42.48 0.0 2
TCGA-09-2056 12.45 0.0 2
TCGA-36-2548 14.16 0.0 2
TCGA-24-1104 63.5 1.0 2
TCGA-61-2016 1.18 1.0 2
TCGA-61-1915 67.71 0.0 2
TCGA-04-1337 2.0 1.0 2
TCGA-24-1846 4.37 0.0 2
TCGA-13-0762 111.7 0.0 2
TCGA-30-1856 15.67 1.0 2
TCGA-29-1711 34.59 0.0 2
TCGA-24-1416 6.37 0.0 2
TCGA-13-0903 127.69 0.0 2
TCGA-29-1698 68.27 0.0 2
TCGA-13-0807 13.6 1.0 2
TCGA-13-0916 58.64 0.0 2
TCGA-29-1697 31.18 1.0 2
TCGA-04-1349 21.55 1.0 2
TCGA-29-2436 9.76 0.0 2
TCGA-36-1580 24.21 1.0 2
TCGA-23-1031 18.89 1.0 2
TCGA-61-2000 14.49 0.0 2
TCGA-24-1847 11.27 0.0 2
TCGA-36-2540 23.78 0.0 2
TCGA-13-1403 77.04 1.0 2
TCGA-24-1560 44.05 1.0 2
TCGA-13-0901 19.35 0.0 2
TCGA-61-2102 6.47 1.0 2
TCGA-29-2429 13.83 1.0 2
TCGA-24-1427 4.83 0.0 2
TCGA-25-1627 12.94 1.0 2
TCGA-29-1691 48.29 1.0 2
TCGA-04-1651 36.2 1.0 2
TCGA-13-0910 116.56 0.0 2
TCGA-23-2643 4.7 0.0 2
TCGA-61-1900 5.78 0.0 2
TCGA-36-1571 22.83 1.0 2
TCGA-25-2408 30.98 1.0 2
TCGA-23-1027 32.06 1.0 1
TCGA-59-2348 180.06 0.0 2
TCGA-13-2071 25.39 1.0 2
TCGA-23-2081 76.94 1.0 2
TCGA-23-2649 3.81 0.0 2
TCGA-24-1844 3.71 0.0 2
TCGA-25-1630 38.17 1.0 2
TCGA-30-1853 36.24 1.0 2
TCGA-36-1574 22.54 0.0 2
TCGA-10-0927 81.8 1.0 2
TCGA-24-2035 28.15 1.0 2
TCGA-25-1317 2.0 1.0 2
TCGA-04-1353 0.53 0.0 2
TCGA-24-1470 3.45 0.0 1
TCGA-25-1628 20.6 1.0 2
TCGA-29-1707 41.95 0.0 2
TCGA-24-0975 21.78 1.0 2
TCGA-13-2060 77.83 0.0 2
TCGA-13-1494 93.82 1.0 2
TCGA-24-1849 5.78 0.0 2
TCGA-09-1674 8.54 0.0 2
TCGA-24-1567 17.21 1.0 2
TCGA-36-1575 8.54 0.0 2
TCGA-13-1405 28.52 1.0 2
TCGA-24-1845 3.81 0.0 2
TCGA-36-2534 29.8 0.0 1
TCGA-04-1516 41.56 0.0 2
TCGA-61-2092 51.68 0.0 2
TCGA-24-1555 88.44 1.0 2
TCGA-24-0979 41.52 1.0 2
TCGA-61-1728 27.86 0.0 2
TCGA-61-1904 9.07 0.0 2
TCGA-13-0913 109.23 0.0 2
TCGA-23-1028 49.38 0.0 1
TCGA-23-1124 58.08 1.0 2
TCGA-13-0887 66.62 1.0 2
TCGA-29-1764 62.88 0.0 2
TCGA-61-1736 48.75 1.0 2
TCGA-13-1499 114.98 0.0 2
TCGA-23-1117 33.28 1.0 1
TCGA-13-1477 54.6 1.0 2
TCGA-20-1683 25.36 0.0 2
TCGA-13-1408 55.19 1.0 2
TCGA-13-0905 123.06 0.0 2
TCGA-24-1544 26.94 1.0 2
TCGA-24-1474 22.21 1.0 2
TCGA-57-1583 11.37 1.0 2
TCGA-61-2012 30.62 0.0 2
TCGA-13-1505 65.64 0.0 2
TCGA-24-2261 0.79 1.0 2
TCGA-25-1313 26.94 1.0 2
TCGA-36-1576 30.06 0.0 2
TCGA-24-1549 56.54 1.0 2
TCGA-36-2537 25.89 0.0 2
TCGA-23-1809 0.53 0.0 2
TCGA-25-1633 62.12 1.0 2
TCGA-24-2290 36.2 1.0 2
TCGA-25-2392 1.02 1.0 2
TCGA-24-0966 7.62 0.0 2
TCGA-42-2590 10.41 1.0 2
TCGA-23-2078 87.42 0.0 1
TCGA-09-1670 17.97 0.0 1
TCGA-29-1694 38.99 1.0 1
TCGA-20-0991 26.18 0.0 2
TCGA-24-0968 1.0 1.0 2
TCGA-24-1424 6.01 0.0 2
TCGA-13-0720 44.51 1.0 2
TCGA-24-1546 64.22 1.0 2
TCGA-13-0900 133.94 0.0 2
TCGA-04-1542 84.13 1.0 2
TCGA-25-1635 52.0 1.0 2
TCGA-04-1655 45.34 1.0 2
TCGA-25-1328 66.0 1.0 2
TCGA-04-1338 46.58 0.0 2
TCGA-09-0366 57.72 1.0 2
TCGA-13-1488 70.76 1.0 2
TCGA-24-1413 6.31 0.0 2
TCGA-04-1365 76.51 0.0 2
TCGA-59-2354 34.36 1.0 2
TCGA-29-1702 23.92 1.0 2
TCGA-13-1496 4.24 1.0 2
TCGA-13-0894 49.57 1.0 2
TCGA-24-1435 43.5 1.0 2
TCGA-13-0897 71.68 1.0 2
TCGA-25-1634 35.84 1.0 2
TCGA-36-2544 20.96 0.0 2
TCGA-13-1498 66.1 1.0 2
TCGA-24-1436 8.54 1.0 2
TCGA-36-2545 18.3 0.0 2
TCGA-24-1422 0.76 1.0 2
TCGA-29-1696 33.9 1.0 2
TCGA-29-1693 101.71 0.0 2
TCGA-29-1775 12.35 0.0 2
TCGA-24-1548 16.2 1.0 2
TCGA-04-1361 32.49 0.0 2
TCGA-61-1901 11.4 1.0 2
TCGA-24-2298 53.22 1.0 2
TCGA-09-2050 71.06 0.0 2
TCGA-13-0800 87.42 0.0 2
TCGA-13-0920 48.75 1.0 1
TCGA-04-1346 65.47 0.0 2
TCGA-23-1032 2.76 1.0 2
TCGA-29-2431 42.21 0.0 2
TCGA-25-1318 34.95 1.0 2
TCGA-24-2281 44.58 0.0 2
TCGA-23-1030 29.11 0.0 2
TCGA-24-2267 47.5 1.0 2
TCGA-13-1409 57.23 1.0 2
TCGA-61-2002 17.97 0.0 2
TCGA-25-2398 44.97 1.0 2
TCGA-24-1562 45.47 1.0 1
TCGA-13-1491 52.4 1.0 2
TCGA-04-1332 40.97 1.0 2
TCGA-61-2094 71.68 0.0 2
TCGA-04-1525 38.34 1.0 2
TCGA-25-1325 32.06 1.0 2
TCGA-57-1993 25.07 0.0 2
TCGA-36-1568 28.75 0.0 2
TCGA-24-1428 17.38 0.0 2
TCGA-31-1953 6.7 0.0 2
TCGA-23-1021 47.5 1.0 2
TCGA-42-2587 23.72 0.0 2
TCGA-24-1423 6.24 0.0 2
TCGA-25-2400 41.98 1.0 2
TCGA-04-1348 48.72 1.0 2
TCGA-29-1690 47.57 1.0 2
TCGA-36-2530 32.98 0.0 2
TCGA-09-1673 3.02 0.0 2
TCGA-13-1497 127.17 0.0 2
TCGA-13-1512 14.52 0.0 2
TCGA-10-0930 34.17 1.0 2
TCGA-13-2057 79.96 0.0 2
TCGA-13-0724 2.73 1.0 2
TCGA-24-1552 41.36 1.0 2
TCGA-23-1114 68.63 1.0 2
TCGA-24-1417 7.82 0.0 2
TCGA-04-1356 49.24 1.0 2
TCGA-04-1367 103.32 0.0 1
TCGA-29-1688 78.84 1.0 2
TCGA-13-0795 20.34 1.0 2
TCGA-09-2051 63.04 0.0 2
TCGA-13-0884 107.1 1.0 2
TCGA-61-2009 39.82 0.0 2
TCGA-36-1570 21.52 0.0 2
TCGA-24-1545 57.36 1.0 2
TCGA-24-1434 18.66 1.0 2
TCGA-24-1551 51.87 1.0 2
TCGA-61-1919 38.14 1.0 2
TCGA-31-1959 2.2 0.0 2
TCGA-04-1644 48.85 1.0 2
TCGA-13-0924 85.87 0.0 2
TCGA-29-1769 22.96 0.0 2
TCGA-13-1482 61.66 1.0 2
TCGA-13-0885 111.3 0.0 2
TCGA-61-1914 56.57 0.0 2
TCGA-13-0899 66.1 1.0 2
TCGA-61-2097 60.58 0.0 2
TCGA-36-1577 25.72 0.0 1
TCGA-57-1582 24.01 1.0 2
TCGA-20-1685 16.69 0.0 2
TCGA-13-1487 22.37 1.0 2
TCGA-24-2260 36.14 1.0 2
TCGA-13-1506 34.13 1.0 2
TCGA-29-1778 14.91 0.0 2
TCGA-61-2614 8.61 1.0 2
TCGA-59-2372 44.78 1.0 2
TCGA-29-1776 11.83 0.0 1
TCGA-59-2355 2.14 1.0 2
TCGA-10-0937 19.97 1.0 2
TCGA-10-0933 14.65 1.0 2
TCGA-61-1738 35.78 1.0 2
TCGA-09-1659 9.99 1.0 2
TCGA-61-2088 4.76 0.0 2
TCGA-24-1425 5.95 0.0 2
TCGA-61-1910 37.02 0.0 2
TCGA-25-2401 2.96 1.0 2
TCGA-29-1761 17.35 1.0 2
TCGA-13-0891 102.76 1.0 2
TCGA-24-1564 25.85 1.0 2
TCGA-09-2049 112.32 0.0 2
TCGA-24-2289 67.31 1.0 2
TCGA-42-2589 41.98 0.0 2
TCGA-61-2008 30.62 0.0 2
TCGA-24-2030 55.88 1.0 2
TCGA-10-0935 35.41 1.0 2
TCGA-61-1733 31.77 0.0 2
TCGA-13-0906 118.89 0.0 2
TCGA-23-1023 40.51 0.0 2
TCGA-25-2393 38.01 1.0 2
TCGA-30-1718 51.87 1.0 2
TCGA-61-1899 8.41 0.0 2
TCGA-13-0802 50.99 1.0 1
TCGA-23-2072 24.93 1.0 1
TCGA-24-0982 22.31 1.0 2
TCGA-13-1510 44.65 1.0 2
TCGA-20-1687 2.66 0.0 2
TCGA-23-1118 85.94 0.0 2
TCGA-23-1116 19.45 1.0 2
TCGA-13-2061 76.84 0.0 2
TCGA-25-1319 64.95 1.0 2
TCGA-29-1766 39.39 1.0 2
TCGA-25-1623 18.56 1.0 2
TCGA-61-2111 125.66 0.0 2
TCGA-13-0727 15.18 1.0 2
TCGA-24-2293 16.62 1.0 2
TCGA-36-2542 21.58 0.0 2
TCGA-29-1762 86.53 1.0 2
TCGA-13-2059 78.42 0.0 2
TCGA-61-2613 31.04 1.0 1
TCGA-13-0760 11.53 1.0 2
TCGA-25-1321 33.94 1.0 2
TCGA-25-1326 41.03 1.0 2
TCGA-24-1604 88.3 1.0 2
TCGA-23-1123 33.44 1.0 2
TCGA-23-1029 8.8 0.0 2
TCGA-13-0730 17.81 1.0 2
TCGA-09-1665 41.59 1.0 2
TCGA-36-2543 2.23 1.0 1
TCGA-24-0980 7.65 1.0 2
TCGA-10-0938 20.89 1.0 2
TCGA-09-1664 74.87 1.0 1
TCGA-24-1418 7.98 0.0 2
TCGA-23-1026 26.81 0.0 2
TCGA-61-1725 31.41 0.0 2
TCGA-24-2019 4.86 0.0 2
TCGA-59-2363 5.42 0.0 1
TCGA-10-0934 6.7 1.0 2
TCGA-09-0369 35.55 1.0 1
TCGA-09-1662 89.26 1.0 1
TCGA-04-1343 11.86 1.0 1
TCGA-24-1603 90.08 1.0 2
TCGA-24-1466 45.11 1.0 2
TCGA-36-1569 29.07 0.0 2
TCGA-23-2641 2.76 0.0 2
TCGA-04-1530 118.99 1.0 2
TCGA-13-0889 95.07 1.0 2
TCGA-30-1855 2.46 1.0 1
TCGA-13-0923 83.67 0.0 2
TCGA-10-0931 32.85 1.0 2
TCGA-42-2591 40.74 0.0 2
TCGA-13-1507 65.47 1.0 2
TCGA-13-1501 43.17 1.0 2
TCGA-13-0726 31.18 1.0 1
TCGA-13-0761 37.98 1.0 2
TCGA-25-2404 29.01 1.0 2
TCGA-24-1419 7.85 0.0 2
TCGA-09-2044 6.11 0.0 2
TCGA-25-1632 59.1 1.0 2
TCGA-30-1862 6.11 1.0 1
TCGA-23-1024 15.37 0.0 2
TCGA-24-1850 5.52 0.0 2
TCGA-61-1895 1.45 0.0 1
TCGA-25-1320 37.94 1.0 2
TCGA-23-2647 4.43 0.0 2
TCGA-13-1412 32.33 1.0 2
TCGA-25-1626 17.02 1.0 2
TCGA-13-0919 84.46 0.0 2
TCGA-29-1781 8.38 0.0 2
TCGA-24-1471 1.18 0.0 2
TCGA-29-2432 21.45 1.0 2
TCGA-24-1463 72.86 1.0 1
TCGA-13-0791 40.21 1.0 2
TCGA-29-1784 5.35 0.0 2
TCGA-13-0804 35.25 1.0 2
TCGA-36-1578 27.83 0.0 2
TCGA-61-1727 18.53 0.0 2
TCGA-24-2024 58.11 1.0 2
TCGA-24-1464 12.45 1.0 2
TCGA-04-1364 33.64 1.0 2
TCGA-25-1316 42.02 1.0 2
TCGA-23-1122 39.06 1.0 2
TCGA-04-1362 44.28 1.0 2
TCGA-13-0912 37.61 1.0 2
TCGA-25-1625 27.6 1.0 2
TCGA-25-1322 2.99 1.0 2
TCGA-36-2547 20.5 0.0 2
TCGA-23-1022 49.64 1.0 2
TCGA-25-2391 49.01 1.0 2
TCGA-25-2409 26.97 1.0 2
TCGA-09-1669 30.49 0.0 2
TCGA-25-1324 34.0 1.0 2
TCGA-23-1111 3.22 0.0 2
TCGA-10-0928 18.5 1.0 2
TCGA-13-1492 125.46 1.0 2
TCGA-13-1484 124.34 1.0 2
