TCGA-BP-4790 36.5 1.0 2
TCGA-CJ-4887 30.62 1.0 2
TCGA-CZ-5463 21.75 0.0 2
TCGA-B0-5707 123.0 0.0 2
TCGA-B0-5098 52.04 1.0 2
TCGA-A3-3323 36.33 0.0 2
TCGA-B8-5551 0.53 0.0 2
TCGA-A3-3347 52.89 1.0 2
TCGA-CZ-5989 62.58 0.0 2
TCGA-B0-4823 14.91 1.0 2
TCGA-BP-4161 90.21 0.0 2
TCGA-BP-4347 44.91 0.0 2
TCGA-B8-5552 34.36 0.0 2
TCGA-B4-5838 5.45 0.0 2
TCGA-BP-4340 18.46 1.0 2
TCGA-BP-4960 71.35 0.0 2
TCGA-CJ-5671 130.98 0.0 2
TCGA-BP-4355 31.31 1.0 2
TCGA-AK-3429 109.33 0.0 2
TCGA-CJ-4636 63.21 0.0 2
TCGA-BP-4798 10.97 1.0 2
TCGA-B0-4813 0.59 1.0 2
TCGA-DV-5565 43.66 0.0 2
TCGA-BP-4331 80.62 1.0 2
TCGA-B0-5099 15.93 1.0 2
TCGA-CJ-4878 71.81 0.0 2
TCGA-B0-4852 36.83 1.0 2
TCGA-B0-4849 2.27 1.0 2
TCGA-BP-5199 44.51 0.0 2
TCGA-BP-4759 77.92 0.0 2
TCGA-B0-5092 15.08 1.0 2
TCGA-BP-4961 63.57 0.0 2
TCGA-CJ-5681 18.13 1.0 2
TCGA-EU-5905 3.91 0.0 2
TCGA-BP-4987 36.93 0.0 2
TCGA-EU-5904 18.1 0.0 2
TCGA-BP-4964 61.17 0.0 2
TCGA-B0-5116 41.85 0.0 2
TCGA-CJ-4874 75.0 0.0 2
TCGA-B0-4844 10.28 1.0 1
TCGA-B0-5691 112.71 0.0 2
TCGA-BP-5190 33.21 0.0 1
TCGA-BP-4782 11.63 0.0 2
TCGA-B8-5553 14.29 0.0 2
TCGA-BP-4763 41.72 1.0 2
TCGA-CZ-5469 31.08 1.0 2
TCGA-B0-5106 52.5 1.0 1
TCGA-B0-4839 53.84 1.0 2
TCGA-B0-5703 73.78 0.0 2
TCGA-A3-3376 55.72 1.0 2
TCGA-CZ-4866 107.33 0.0 2
TCGA-B0-4691 4.57 1.0 2
TCGA-BP-5181 49.11 0.0 2
TCGA-BP-4352 11.3 1.0 2
TCGA-BP-5194 13.4 0.0 2
TCGA-CJ-4918 3.06 1.0 2
TCGA-AK-3454 28.71 0.0 2
TCGA-B4-5836 4.63 0.0 2
TCGA-BP-4962 58.64 0.0 2
TCGA-B0-5121 48.78 0.0 2
TCGA-A3-3357 88.3 0.0 2
TCGA-B2-4098 1.68 1.0 2
TCGA-B0-5710 79.83 0.0 2
TCGA-B8-4621 25.89 0.0 2
TCGA-B0-5699 126.18 0.0 2
TCGA-CJ-4885 113.37 0.0 2
TCGA-BP-5000 18.5 0.0 1
TCGA-CJ-5676 133.61 0.0 2
TCGA-CZ-4854 46.12 1.0 2
TCGA-BP-4765 71.75 0.0 2
TCGA-CW-5581 91.95 0.0 1
TCGA-CZ-4857 47.04 1.0 2
TCGA-B0-5711 131.04 0.0 2
TCGA-B0-5077 43.27 1.0 1
TCGA-CZ-5452 58.77 0.0 2
TCGA-B0-4836 40.67 1.0 2
TCGA-CZ-4853 25.43 0.0 1
TCGA-B0-4814 5.52 1.0 2
TCGA-AK-3461 72.83 0.0 2
TCGA-B0-5702 71.35 0.0 2
TCGA-B0-5696 85.71 0.0 2
TCGA-CZ-4862 107.46 0.0 1
TCGA-B0-4819 6.01 1.0 2
TCGA-BP-5006 27.6 0.0 2
TCGA-CJ-6033 7.36 1.0 2
TCGA-BP-4970 14.22 0.0 2
TCGA-CJ-5675 129.3 0.0 2
TCGA-BP-4795 20.37 0.0 2
TCGA-AK-3425 109.82 0.0 2
TCGA-CJ-4908 50.3 0.0 2
TCGA-CJ-4892 49.97 0.0 2
TCGA-CJ-4634 114.91 0.0 2
TCGA-B0-5697 86.4 0.0 2
TCGA-CJ-4635 46.52 0.0 2
TCGA-B0-5692 129.57 0.0 2
TCGA-B8-4146 16.79 0.0 2
TCGA-B0-5110 66.0 0.0 2
TCGA-B0-5709 130.55 0.0 2
TCGA-BP-4337 0.07 1.0 2
TCGA-AK-3436 109.43 0.0 2
TCGA-DV-5575 56.8 0.0 2
TCGA-B8-4619 17.18 0.0 2
TCGA-CZ-4859 58.71 0.0 2
TCGA-BP-5178 62.81 1.0 2
TCGA-B0-4838 27.4 1.0 2
TCGA-B0-4827 29.07 1.0 2
TCGA-B0-5400 56.93 0.0 2
TCGA-BP-5008 35.18 0.0 2
TCGA-BP-4768 13.14 0.0 2
TCGA-B0-4710 57.65 0.0 1
TCGA-CJ-4916 45.11 0.0 2
TCGA-B0-4847 26.05 1.0 2
TCGA-BP-4803 6.7 0.0 2
TCGA-CJ-4641 54.57 1.0 2
TCGA-B0-4828 10.09 1.0 1
TCGA-BP-4801 36.93 0.0 2
TCGA-BP-4166 0.43 0.0 2
TCGA-CJ-4870 49.21 0.0 2
TCGA-B2-4101 21.29 0.0 2
TCGA-CZ-5466 22.5 0.0 2
TCGA-B0-4818 16.75 1.0 2
TCGA-BP-5176 52.23 1.0 2
TCGA-AK-3445 78.58 0.0 2
TCGA-B0-4714 3.25 1.0 2
TCGA-BP-5191 31.77 0.0 2
TCGA-B0-5812 125.95 0.0 2
TCGA-CZ-5451 63.37 0.0 2
TCGA-CZ-4856 0.59 0.0 2
TCGA-CW-5580 64.52 1.0 2
TCGA-BP-4177 54.86 0.0 2
TCGA-BP-4169 23.03 1.0 2
TCGA-B0-4713 6.64 1.0 2
TCGA-BP-4994 42.97 0.0 2
TCGA-BP-4799 37.22 1.0 2
TCGA-CJ-4897 109.76 0.0 2
TCGA-AK-3427 117.71 0.0 2
TCGA-A3-3373 53.25 0.0 2
TCGA-BP-4986 25.79 0.0 2
TCGA-B0-4693 2.53 1.0 2
TCGA-CJ-4869 83.9 0.0 2
TCGA-BP-4985 31.27 1.0 2
TCGA-B8-5164 0.85 0.0 2
TCGA-BP-5187 13.34 0.0 2
TCGA-B0-4833 78.38 1.0 2
TCGA-BP-5185 37.19 0.0 2
TCGA-CZ-5461 10.84 1.0 2
TCGA-B2-5641 21.55 0.0 1
TCGA-BP-5010 28.84 1.0 2
TCGA-CJ-4871 79.6 0.0 1
TCGA-CJ-4886 64.13 0.0 2
TCGA-B8-4151 42.67 0.0 2
TCGA-CJ-4884 57.79 0.0 2
TCGA-B0-4718 58.41 0.0 1
TCGA-CJ-4907 49.24 0.0 2
TCGA-DV-5568 12.16 0.0 2
TCGA-CJ-5677 25.69 1.0 2
TCGA-B0-4694 3.48 1.0 1
TCGA-BP-4797 36.37 0.0 2
TCGA-CZ-5984 67.9 0.0 2
TCGA-B8-4622 50.1 0.0 2
TCGA-B0-5119 50.99 0.0 2
TCGA-B8-5162 1.18 0.0 2
TCGA-A3-3374 43.17 0.0 2
TCGA-BP-4804 47.93 0.0 2
TCGA-B8-5159 23.72 0.0 2
TCGA-B0-5713 91.39 0.0 2
TCGA-B0-5080 11.24 1.0 2
TCGA-CJ-4903 51.25 0.0 2
TCGA-BP-5196 33.44 0.0 2
TCGA-CJ-4888 51.48 1.0 2
TCGA-B0-5113 38.6 0.0 2
TCGA-B0-5095 8.05 1.0 2
TCGA-BP-4971 48.85 0.0 2
TCGA-CW-5591 74.61 0.0 2
TCGA-BP-4771 5.32 1.0 2
TCGA-CZ-4858 69.15 1.0 2
TCGA-AK-3465 12.12 0.0 2
TCGA-B4-5834 1.25 0.0 2
TCGA-BP-4162 100.99 0.0 2
TCGA-B4-5377 11.99 0.0 2
TCGA-BP-4993 5.81 0.0 2
TCGA-BP-5001 38.67 0.0 2
TCGA-BP-4991 46.42 0.0 2
TCGA-BP-4977 14.91 0.0 2
TCGA-B0-4815 52.17 1.0 2
TCGA-AK-3451 94.22 0.0 2
TCGA-A3-3313 24.15 1.0 2
TCGA-B2-4099 31.93 0.0 2
TCGA-CJ-6028 53.38 1.0 2
TCGA-B0-5096 2.23 1.0 2
TCGA-BP-4807 6.93 0.0 2
TCGA-CJ-4638 14.16 1.0 2
TCGA-CZ-5987 14.62 1.0 2
TCGA-BP-5195 24.61 0.0 2
TCGA-B2-5635 24.8 0.0 1
TCGA-BP-4989 3.88 0.0 2
TCGA-B0-4845 65.24 1.0 2
TCGA-BP-5186 22.77 0.0 2
TCGA-BP-4770 10.81 1.0 2
TCGA-BP-4781 68.33 0.0 2
TCGA-B0-5693 133.84 0.0 2
TCGA-B0-4712 43.92 1.0 2
TCGA-BP-4345 49.8 0.0 2
TCGA-CJ-4640 114.32 0.0 1
TCGA-B8-4143 23.29 1.0 2
TCGA-BP-4995 45.04 0.0 2
TCGA-CJ-4913 38.53 1.0 2
TCGA-B0-5712 89.42 0.0 2
TCGA-BP-4160 94.65 0.0 2
TCGA-BP-4999 41.59 0.0 2
TCGA-BP-4967 6.73 0.0 2
TCGA-B0-5088 18.5 1.0 2
TCGA-DV-5576 23.88 1.0 2
TCGA-CJ-6030 75.53 1.0 2
TCGA-B0-5083 34.33 1.0 2
TCGA-CZ-5455 18.43 1.0 2
TCGA-CJ-5679 22.31 1.0 2
TCGA-CJ-4872 47.14 0.0 2
TCGA-B4-5835 0.53 0.0 2
TCGA-BP-4758 72.54 0.0 2
TCGA-A3-3385 65.47 0.0 2
TCGA-A3-3317 48.98 0.0 2
TCGA-BP-4992 16.46 0.0 2
TCGA-B0-5399 46.35 0.0 2
TCGA-AK-3460 82.39 0.0 2
TCGA-B0-5108 58.54 0.0 1
TCGA-BP-5174 74.15 0.0 2
TCGA-DV-5566 45.93 0.0 2
TCGA-BP-5189 27.0 1.0 1
TCGA-B0-5115 52.69 0.0 1
TCGA-BP-4963 60.25 0.0 2
TCGA-CZ-5465 84.23 1.0 2
TCGA-BP-4158 110.94 0.0 2
TCGA-B8-5546 16.59 0.0 2
TCGA-BP-4351 31.87 0.0 1
TCGA-AK-3430 15.77 1.0 1
TCGA-BP-4167 89.29 0.0 2
TCGA-AK-3453 83.15 0.0 2
TCGA-CZ-5985 65.6 0.0 2
TCGA-B0-5081 11.89 1.0 2
TCGA-CJ-4875 116.75 1.0 1
TCGA-CJ-4905 49.15 0.0 1
TCGA-BP-4787 15.77 1.0 2
TCGA-B0-5698 119.28 0.0 1
TCGA-B0-5705 149.05 0.0 2
TCGA-BP-4170 76.97 1.0 2
TCGA-CJ-4643 58.9 0.0 2
TCGA-BP-5007 37.45 0.0 2
TCGA-CW-5585 85.71 0.0 2
TCGA-BP-5004 36.99 0.0 2
TCGA-B0-4810 15.7 1.0 2
TCGA-B2-3923 32.59 0.0 2
TCGA-A3-3358 42.94 0.0 2
TCGA-B0-5102 90.8 1.0 2
TCGA-BP-4965 61.47 0.0 2
TCGA-CJ-5682 122.73 0.0 2
TCGA-B0-5701 80.85 0.0 2
TCGA-CW-5588 66.26 0.0 2
TCGA-CZ-5986 12.25 0.0 2
TCGA-B4-5844 0.23 0.0 1
TCGA-B0-5402 42.38 0.0 2
TCGA-AK-3456 37.55 0.0 2
TCGA-CZ-5468 1.94 1.0 2
TCGA-B0-4837 45.27 1.0 1
TCGA-CJ-4904 108.48 0.0 2
TCGA-A3-3362 51.22 0.0 2
TCGA-BP-4343 62.81 1.0 2
TCGA-DV-5574 66.23 0.0 2
TCGA-BP-4349 12.22 0.0 2
TCGA-CJ-4644 11.04 1.0 2
TCGA-BP-4756 12.29 0.0 2
TCGA-CW-6097 18.76 1.0 2
TCGA-BP-4982 33.31 0.0 2
TCGA-B0-4690 1.41 1.0 2
TCGA-CJ-5680 25.23 1.0 2
TCGA-CJ-4889 63.93 0.0 2
TCGA-CJ-6032 119.55 0.0 2
TCGA-BP-4988 27.2 1.0 1
TCGA-CJ-4876 64.22 0.0 2
TCGA-BP-4346 49.05 1.0 2
TCGA-BP-4974 6.93 1.0 2
TCGA-BP-4777 56.87 0.0 2
TCGA-CJ-4873 74.21 0.0 2
TCGA-BP-4774 61.93 0.0 2
TCGA-B0-4842 56.64 1.0 2
TCGA-BP-4159 85.45 1.0 1
TCGA-CJ-4637 73.16 1.0 2
TCGA-BP-4176 64.22 0.0 2
TCGA-CJ-4881 66.16 0.0 2
TCGA-AK-3428 122.47 0.0 2
TCGA-A3-3349 45.5 0.0 2
TCGA-BP-4342 74.11 1.0 2
TCGA-AK-3440 94.12 0.0 2
TCGA-AK-3458 38.37 0.0 1
TCGA-CZ-5459 55.29 0.0 2
TCGA-BP-4789 48.92 0.0 2
TCGA-B0-4700 65.05 1.0 2
TCGA-EU-5906 6.77 0.0 2
TCGA-BP-4972 49.34 0.0 2
TCGA-B0-4843 10.51 1.0 1
TCGA-BP-4338 93.92 0.0 2
TCGA-CZ-5470 12.68 0.0 2
TCGA-CJ-4894 27.63 1.0 2
TCGA-CZ-5982 80.12 0.0 2
TCGA-BP-4983 46.42 0.0 2
TCGA-A3-3370 74.7 0.0 2
TCGA-B8-5165 24.21 0.0 2
TCGA-B0-5075 20.93 1.0 2
TCGA-CZ-5456 79.57 0.0 2
TCGA-CZ-4863 63.34 0.0 2
TCGA-CJ-4923 18.79 1.0 2
TCGA-BP-5184 37.22 0.0 2
TCGA-BP-5168 48.06 1.0 2
TCGA-CW-5589 78.12 0.0 2
TCGA-B0-5706 105.29 0.0 2
TCGA-B0-5107 30.45 1.0 2
TCGA-BP-5170 79.24 0.0 2
TCGA-BP-4775 60.55 0.0 2
TCGA-A3-3326 37.35 0.0 2
TCGA-CJ-6031 62.61 0.0 2
TCGA-BP-4766 48.03 0.0 2
TCGA-B2-3924 35.87 0.0 2
TCGA-BP-5198 19.81 0.0 2
TCGA-CZ-5462 10.22 1.0 2
TCGA-CJ-4912 54.43 0.0 2
TCGA-B0-4848 29.01 1.0 2
TCGA-BP-5202 0.95 0.0 1
TCGA-CW-6087 1.35 1.0 2
TCGA-B0-5094 10.94 1.0 1
TCGA-BP-4165 99.77 0.0 2
TCGA-CJ-5686 66.95 0.0 2
TCGA-B8-4153 25.03 0.0 2
TCGA-B0-4811 46.55 1.0 2
TCGA-BP-5180 74.34 0.0 2
TCGA-B0-5085 25.3 1.0 2
TCGA-B8-4154 45.34 0.0 2
TCGA-BP-4981 36.04 1.0 2
TCGA-CJ-4890 115.6 0.0 2
TCGA-B0-5695 70.63 0.0 2
TCGA-CJ-4891 26.91 1.0 2
TCGA-B0-5694 15.77 1.0 2
TCGA-CJ-4882 61.86 0.0 1
TCGA-CJ-4902 49.93 0.0 2
TCGA-CW-6093 103.35 0.0 2
TCGA-BP-4354 33.97 1.0 2
TCGA-AS-3777 40.67 0.0 2
TCGA-BP-5169 6.34 0.0 1
TCGA-B0-4846 39.42 1.0 2
TCGA-B0-5104 90.41 1.0 2
TCGA-BP-4998 30.62 0.0 2
TCGA-CW-5583 81.77 0.0 2
TCGA-BP-5009 35.87 1.0 2
TCGA-CJ-5672 71.94 1.0 2
TCGA-B0-5109 19.28 1.0 2
TCGA-B8-5158 40.01 0.0 2
TCGA-B0-4707 19.71 1.0 2
TCGA-BP-4174 61.73 0.0 2
TCGA-CZ-5457 90.47 0.0 2
TCGA-CW-6090 83.84 0.0 2
TCGA-B4-5832 5.09 0.0 2
TCGA-AK-3434 68.56 0.0 2
TCGA-BP-4973 45.47 0.0 2
TCGA-CZ-5467 2.4 1.0 1
TCGA-CJ-4899 50.2 0.0 2
TCGA-B8-5550 48.49 0.0 2
TCGA-B0-4817 33.48 1.0 2
TCGA-CJ-4895 39.42 1.0 2
TCGA-AK-3455 22.44 1.0 2
TCGA-BP-4761 5.98 0.0 2
TCGA-A3-3331 48.78 0.0 2
TCGA-B0-4841 6.7 1.0 2
TCGA-CJ-5678 18.86 1.0 2
TCGA-BP-4762 44.12 1.0 2
TCGA-CJ-4900 56.31 1.0 2
TCGA-B0-4706 2.14 1.0 2
TCGA-BP-5192 23.46 0.0 2
TCGA-B8-5163 27.0 0.0 2
TCGA-CZ-5458 91.62 0.0 2
TCGA-A3-3387 20.27 0.0 2
TCGA-CJ-5683 62.06 0.0 2
TCGA-B0-4822 36.5 1.0 2
TCGA-B8-5549 6.37 0.0 2
TCGA-B0-4945 70.47 1.0 2
TCGA-BP-4329 27.76 1.0 2
TCGA-CZ-4861 14.65 1.0 2
TCGA-BP-5183 42.41 0.0 2
TCGA-B0-4824 54.43 1.0 2
TCGA-CZ-5454 23.72 1.0 2
TCGA-BP-5201 31.24 0.0 2
TCGA-BP-4163 93.27 0.0 2
TCGA-B8-4620 25.53 0.0 2
TCGA-B0-5117 52.83 0.0 2
TCGA-BP-5173 2.04 1.0 2
TCGA-BP-4976 53.61 0.0 2
TCGA-B8-4148 49.93 0.0 2
TCGA-BP-4326 53.38 1.0 2
TCGA-BP-4164 32.59 1.0 2
TCGA-BP-5175 30.62 0.0 2
TCGA-BP-4975 47.08 0.0 2
TCGA-BP-4341 52.2 1.0 2
TCGA-CZ-5453 79.47 1.0 2
TCGA-CJ-4901 47.63 0.0 2
TCGA-B0-5084 7.29 1.0 2
TCGA-BP-4968 57.36 0.0 2
TCGA-B4-5843 0.36 0.0 2
TCGA-BP-4760 77.56 0.0 2
TCGA-B0-5097 21.85 0.0 2
TCGA-CJ-4639 106.08 0.0 2
TCGA-CJ-4893 24.64 0.0 2
TCGA-CJ-6027 118.76 1.0 2
TCGA-CJ-5684 73.29 0.0 2
TCGA-BP-5177 9.63 0.0 2
TCGA-BP-4173 62.19 0.0 2
TCGA-A3-3322 48.55 0.0 2
TCGA-A3-3311 39.13 1.0 2
TCGA-CZ-4865 5.45 1.0 2
TCGA-AK-3450 58.44 0.0 2
TCGA-B8-5545 50.1 0.0 2
TCGA-B0-4703 5.98 1.0 2
TCGA-BP-5182 38.27 0.0 2
TCGA-DV-5569 11.66 0.0 2
TCGA-B0-5100 62.84 1.0 2
TCGA-AK-3443 46.75 0.0 2
TCGA-CZ-5460 94.38 0.0 2
TCGA-EU-5907 4.17 0.0 2
TCGA-B2-5633 31.64 0.0 2
TCGA-B0-5120 38.4 0.0 2
TCGA-BP-4330 62.02 0.0 2
TCGA-B0-4816 45.04 1.0 1
TCGA-CZ-5988 22.77 0.0 2
TCGA-BP-5200 34.92 0.0 2
TCGA-B0-4697 18.99 1.0 2
TCGA-AK-3431 73.62 1.0 2
TCGA-CJ-4868 21.22 1.0 2
TCGA-CJ-4920 4.57 1.0 1
TCGA-A3-3367 74.57 0.0 2
